#reader(lib"read.ss""wxme")WXME0108 ## 
#|
   This file uses the GRacket editor format.
   Open this file in DrRacket version 6.7 or later to read it.

   Most likely, it was created by saving a program in DrRacket,
   and it probably contains a program with non-text elements
   (such as images or comment boxes).

            http://racket-lang.org/
|#
 32 7 #"wxtext\0"
3 1 6 #"wxtab\0"
1 1 8 #"wximage\0"
2 0 8 #"wxmedia\0"
4 1 34 #"(lib \"syntax-browser.ss\" \"mrlib\")\0"
1 0 36 #"(lib \"cache-image-snip.ss\" \"mrlib\")\0"
1 0 68
(
 #"((lib \"image-core.ss\" \"mrlib\") (lib \"image-core-wxme.rkt\" \"mr"
 #"lib\"))\0"
) 1 0 16 #"drscheme:number\0"
3 0 44 #"(lib \"number-snip.ss\" \"drscheme\" \"private\")\0"
1 0 36 #"(lib \"comment-snip.ss\" \"framework\")\0"
1 0 93
(
 #"((lib \"collapsed-snipclass.ss\" \"framework\") (lib \"collapsed-sni"
 #"pclass-wxme.ss\" \"framework\"))\0"
) 0 0 43 #"(lib \"collapsed-snipclass.ss\" \"framework\")\0"
0 0 19 #"drscheme:sexp-snip\0"
0 0 29 #"drscheme:bindings-snipclass%\0"
1 0 101
(
 #"((lib \"ellipsis-snip.rkt\" \"drracket\" \"private\") (lib \"ellipsi"
 #"s-snip-wxme.rkt\" \"drracket\" \"private\"))\0"
) 2 0 88
(
 #"((lib \"pict-snip.rkt\" \"drracket\" \"private\") (lib \"pict-snip.r"
 #"kt\" \"drracket\" \"private\"))\0"
) 0 0 34 #"(lib \"bullet-snip.rkt\" \"browser\")\0"
0 0 25 #"(lib \"matrix.ss\" \"htdp\")\0"
1 0 22 #"drscheme:lambda-snip%\0"
1 0 29 #"drclickable-string-snipclass\0"
0 0 26 #"drracket:spacer-snipclass\0"
0 0 57
#"(lib \"hrule-snip.rkt\" \"macro-debugger\" \"syntax-browser\")\0"
1 0 26 #"drscheme:pict-value-snip%\0"
0 0 45 #"(lib \"image-snipr.ss\" \"slideshow\" \"private\")\0"
1 0 38 #"(lib \"pict-snipclass.ss\" \"slideshow\")\0"
2 0 55 #"(lib \"vertical-separator-snip.ss\" \"stepper\" \"private\")\0"
1 0 18 #"drscheme:xml-snip\0"
1 0 31 #"(lib \"xml-snipclass.ss\" \"xml\")\0"
1 0 21 #"drscheme:scheme-snip\0"
2 0 34 #"(lib \"scheme-snipclass.ss\" \"xml\")\0"
1 0 10 #"text-box%\0"
1 0 32 #"(lib \"text-snipclass.ss\" \"xml\")\0"
1 0 1 6 #"wxloc\0"
          0 0 329 0 1 #"\0"
0 75 1 #"\0"
0 12 90 -1 90 -1 3 -1 0 1 0 1 0 0 0 0 0 0 0 0 0 0 0 255 255 255 1 -1 0 9
#"Standard\0"
0 75 10 #"Monospace\0"
0 12 90 -1 90 -1 3 -1 0 1 0 1 0 0 0 0 0 0 0 0 0 0 0 255 255 255 1 -1 2 1
#"\0"
0 -1 1 #"\0"
1 0 -1 -1 -1 -1 -1 -1 0 0 0 0 0 0 1 1 1 1 1 1 0 0 0 0 0 0 -1 -1 2 24
#"framework:default-color\0"
0 -1 1 #"\0"
1 0 -1 -1 -1 -1 -1 -1 0 0 0 0 0 1 0 0 0 0 0 0 0 0 0 255 255 255 -1 -1 2
1 #"\0"
0 -1 1 #"\0"
1 0 -1 -1 -1 -1 -1 -1 0 0 0 0 0 0 0 0 0 1 1 1 150 0 150 0 0 0 -1 -1 2 15
#"text:ports out\0"
0 -1 1 #"\0"
1 0 -1 -1 -1 93 -1 -1 0 1 0 0 0 0 0 0 0 1 1 1 150 0 150 0 0 0 -1 -1 2 1
#"\0"
0 -1 1 #"\0"
1.0 0 -1 -1 93 -1 -1 -1 0 0 0 0 0 0 0 0 0 1.0 1.0 1.0 255 0 0 0 0 0 -1
-1 2 15 #"text:ports err\0"
0 -1 1 #"\0"
1 0 -1 -1 93 -1 -1 -1 0 1 0 0 0 0 0 0 0 1 1 1 255 0 0 0 0 0 -1 -1 2 1
#"\0"
0 -1 1 #"\0"
1 0 -1 -1 -1 -1 -1 -1 0 0 0 0 0 0 0 0 0 1 1 1 0 0 175 0 0 0 -1 -1 2 17
#"text:ports value\0"
0 -1 1 #"\0"
1 0 -1 -1 -1 93 -1 -1 0 1 0 0 0 0 0 0 0 1 1 1 0 0 175 0 0 0 -1 -1 2 1
#"\0"
0 -1 1 #"\0"
1.0 0 92 -1 -1 -1 -1 -1 0 0 0 0 0 0 0 0 0 1.0 1.0 1.0 34 139 34 0 0 0 -1
-1 2 27 #"Matching Parenthesis Style\0"
0 -1 1 #"\0"
1.0 0 92 -1 -1 -1 -1 -1 0 0 0 0 0 0 0 0 0 1.0 1.0 1.0 34 139 34 0 0 0 -1
-1 2 1 #"\0"
0 -1 1 #"\0"
1 0 -1 -1 -1 93 -1 -1 0 1 0 0 0 0 0 0 0 1 1 1 38 38 128 0 0 0 -1 -1 2 37
#"framework:syntax-color:scheme:symbol\0"
0 -1 1 #"\0"
1 0 -1 -1 -1 93 -1 -1 0 1 0 0 0 0 0 0 0 1 1 1 38 38 128 0 0 0 -1 -1 2 38
#"framework:syntax-color:scheme:keyword\0"
0 -1 1 #"\0"
1 0 -1 -1 -1 93 -1 -1 0 1 0 0 0 0 0 0 0 1 1 1 38 38 128 0 0 0 -1 -1 2 1
#"\0"
0 -1 1 #"\0"
1 0 -1 -1 -1 93 -1 -1 0 1 0 0 0 0 0 0 0 1 1 1 194 116 31 0 0 0 -1 -1 2
38 #"framework:syntax-color:scheme:comment\0"
0 -1 1 #"\0"
1 0 -1 -1 -1 93 -1 -1 0 1 0 0 0 0 0 0 0 1 1 1 194 116 31 0 0 0 -1 -1 2 1
#"\0"
0 -1 1 #"\0"
1 0 -1 -1 -1 93 -1 -1 0 1 0 0 0 0 0 0 0 1 1 1 41 128 38 0 0 0 -1 -1 2 37
#"framework:syntax-color:scheme:string\0"
0 -1 1 #"\0"
1 0 -1 -1 -1 93 -1 -1 0 1 0 0 0 0 0 0 0 1 1 1 41 128 38 0 0 0 -1 -1 2 35
#"framework:syntax-color:scheme:text\0"
0 -1 1 #"\0"
1 0 -1 -1 -1 93 -1 -1 0 1 0 0 0 0 0 0 0 1 1 1 41 128 38 0 0 0 -1 -1 2 39
#"framework:syntax-color:scheme:constant\0"
0 -1 1 #"\0"
1 0 -1 -1 -1 93 -1 -1 0 1 0 0 0 0 0 0 0 1 1 1 41 128 38 0 0 0 -1 -1 2 1
#"\0"
0 -1 1 #"\0"
1 0 -1 -1 -1 93 -1 -1 0 1 0 0 0 0 0 0 0 1 1 1 132 60 36 0 0 0 -1 -1 2 49
#"framework:syntax-color:scheme:hash-colon-keyword\0"
0 -1 1 #"\0"
1 0 -1 -1 -1 93 -1 -1 0 1 0 0 0 0 0 0 0 1 1 1 132 60 36 0 0 0 -1 -1 2 42
#"framework:syntax-color:scheme:parenthesis\0"
0 -1 1 #"\0"
1 0 -1 -1 -1 93 -1 -1 0 1 0 0 0 0 0 0 0 1 1 1 132 60 36 0 0 0 -1 -1 2 1
#"\0"
0 -1 1 #"\0"
1 0 -1 -1 -1 93 -1 -1 0 1 0 0 0 0 0 0 0 1 1 1 255 0 0 0 0 0 -1 -1 2 36
#"framework:syntax-color:scheme:error\0"
0 -1 1 #"\0"
1 0 -1 -1 -1 93 -1 -1 0 1 0 0 0 0 0 0 0 1 1 1 255 0 0 0 0 0 -1 -1 2 1
#"\0"
0 -1 1 #"\0"
1 0 -1 -1 -1 93 -1 -1 0 1 0 0 0 0 0 0 0 1 1 1 0 0 0 0 0 0 -1 -1 2 36
#"framework:syntax-color:scheme:other\0"
0 -1 1 #"\0"
1 0 -1 -1 -1 93 -1 -1 0 1 0 0 0 0 0 0 0 1 1 1 0 0 0 0 0 0 -1 -1 2 16
#"Misspelled Text\0"
0 -1 1 #"\0"
1 0 -1 -1 -1 -1 -1 -1 0 0 0 0 0 0 0 0 0 1 1 1 0 0 0 0 0 0 -1 -1 2 1
#"\0"
0 -1 1 #"\0"
1 0 -1 -1 -1 93 -1 -1 0 1 0 0 0 0 0 0 0 1 1 1 81 112 203 0 0 0 -1 -1 2
38 #"drracket:check-syntax:lexically-bound\0"
0 -1 1 #"\0"
1 0 -1 -1 -1 93 -1 -1 0 1 0 0 0 0 0 0 0 1 1 1 81 112 203 0 0 0 -1 -1 2 1
#"\0"
0 -1 1 #"\0"
1 0 -1 -1 -1 93 -1 -1 0 1 0 0 0 0 0 0 0 1 1 1 178 34 34 0 0 0 -1 -1 2 28
#"drracket:check-syntax:set!d\0"
0 -1 1 #"\0"
1 0 -1 -1 -1 93 -1 -1 0 1 0 0 0 0 0 0 0 1 1 1 178 34 34 0 0 0 -1 -1 2 37
#"drracket:check-syntax:unused-require\0"
0 -1 1 #"\0"
1 0 -1 -1 -1 93 -1 -1 0 1 0 0 0 0 0 0 0 1 1 1 255 0 0 0 0 0 -1 -1 2 36
#"drracket:check-syntax:free-variable\0"
0 -1 1 #"\0"
1 0 -1 -1 -1 93 -1 -1 0 1 0 0 0 0 0 0 0 1 1 1 255 0 0 0 0 0 -1 -1 2 1
#"\0"
0 -1 1 #"\0"
1 0 -1 -1 -1 93 -1 -1 0 1 0 0 0 0 0 0 0 1 1 1 68 0 203 0 0 0 -1 -1 2 31
#"drracket:check-syntax:imported\0"
0 -1 1 #"\0"
1 0 -1 -1 -1 93 -1 -1 0 1 0 0 0 0 0 0 0 1 1 1 68 0 203 0 0 0 -1 -1 2 47
#"drracket:check-syntax:my-obligation-style-pref\0"
0 -1 1 #"\0"
1 0 -1 -1 -1 93 -1 -1 0 1 0 0 0 0 0 0 0 1 1 1 178 34 34 0 0 0 -1 -1 2 1
#"\0"
0 -1 1 #"\0"
1 0 -1 -1 -1 93 -1 -1 0 1 0 0 0 0 0 0 0 1 1 1 0 116 0 0 0 0 -1 -1 2 50
#"drracket:check-syntax:their-obligation-style-pref\0"
0 -1 1 #"\0"
1 0 -1 -1 -1 93 -1 -1 0 1 0 0 0 0 0 0 0 1 1 1 0 116 0 0 0 0 -1 -1 2 48
#"drracket:check-syntax:unk-obligation-style-pref\0"
0 -1 1 #"\0"
1 0 -1 -1 -1 93 -1 -1 0 1 0 0 0 0 0 0 0 1 1 1 0 0 0 0 0 0 -1 -1 2 1
#"\0"
0 -1 1 #"\0"
1 0 -1 -1 -1 93 -1 -1 0 1 0 0 0 0 0 0 0 1 1 1 139 142 28 0 0 0 -1 -1 2
49 #"drracket:check-syntax:both-obligation-style-pref\0"
0 -1 1 #"\0"
1 0 -1 -1 -1 93 -1 -1 0 1 0 0 0 0 0 0 0 1 1 1 139 142 28 0 0 0 -1 -1 2
26 #"plt:htdp:test-coverage-on\0"
0 -1 1 #"\0"
1 0 -1 -1 -1 93 -1 -1 0 1 0 0 0 0 0 0 0 1 1 1 0 0 0 0 0 0 -1 -1 2 1
#"\0"
0 -1 1 #"\0"
1 0 -1 -1 -1 93 -1 -1 0 1 0 0 0 1 0 0 0 0 0 0 255 165 0 0 0 0 -1 -1 2 27
#"plt:htdp:test-coverage-off\0"
0 -1 1 #"\0"
1 0 -1 -1 -1 93 -1 -1 0 1 0 0 0 1 0 0 0 0 0 0 255 165 0 0 0 0 -1 -1 4 1
#"\0"
0 70 1 #"\0"
1.0 0 -1 -1 -1 -1 -1 -1 0 0 0 0 0 0 1.0 1.0 1.0 1.0 1.0 1.0 0 0 0 0 0 0
-1 -1 4 4 #"XML\0"
0 70 1 #"\0"
1.0 0 -1 -1 -1 -1 -1 -1 0 0 0 0 0 0 1.0 1.0 1.0 1.0 1.0 1.0 0 0 0 0 0 0
-1 -1 2 37 #"plt:module-language:test-coverage-on\0"
0 -1 1 #"\0"
1 0 -1 -1 -1 93 -1 -1 0 1 0 0 0 0 0 0 0 1 1 1 0 0 0 0 0 0 -1 -1 2 38
#"plt:module-language:test-coverage-off\0"
0 -1 1 #"\0"
1 0 -1 -1 -1 93 -1 -1 0 1 0 0 0 1 0 0 0 0 0 0 255 165 0 0 0 0 -1 -1 4 1
#"\0"
0 71 1 #"\0"
1.0 0 -1 -1 -1 -1 -1 -1 0 0 0 0 0 0 1.0 1.0 1.0 1.0 1.0 1.0 0 0 0 0 0 0
-1 -1 4 1 #"\0"
0 -1 1 #"\0"
1.0 0 -1 -1 -1 -1 -1 -1 1 0 0 0 0 0 0 0 0 1.0 1.0 1.0 0 0 255 0 0 0 -1
-1 4 1 #"\0"
0 71 1 #"\0"
1.0 0 -1 -1 -1 -1 -1 -1 1 0 0 0 0 0 0 0 0 1.0 1.0 1.0 0 0 255 0 0 0 -1
-1 4 1 #"\0"
0 71 1 #"\0"
1.0 0 -1 -1 -1 -1 -1 -1 0 0 0 0 0 0 0 0 0 1.0 1.0 1.0 0 100 0 0 0 0 -1
-1 24 1 #"\0"
0 -1 1 #"\0"
1 0 -1 -1 -1 -1 -1 -1 0 0 0 0 0 0 0 0 0 1 1 1 0 0 0 0 0 0 -1 -1 15 1
#"\0"
0 -1 1 #"\0"
1 0 -1 -1 -1 -1 -1 -1 0 0 0 0 0 0 0 0 0 1 1 1 0 0 0 0 0 0 -1 -1 14 1
#"\0"
0 -1 1 #"\0"
1 0 -1 -1 -1 -1 -1 -1 0 0 0 0 0 0 0 0 0 1 1 1 0 0 0 0 0 0 -1 -1 21 1
#"\0"
0 -1 1 #"\0"
1 0 -1 -1 -1 -1 -1 -1 0 0 0 0 0 0 0 0 0 1 1 1 0 0 0 0 0 0 -1 -1 14 1
#"\0"
0 -1 1 #"\0"
1 0 -1 -1 -1 -1 -1 -1 0 0 0 0 0 1 0 0 0 0 0 0 0 0 0 173 216 230 -1 -1 4
1 #"\0"
0 -1 1 #"\0"
1.0 0 -1 -1 -1 -1 -1 -1 0 0 0 0 1 0 0 0 0 0 0 0 0 0 0 255 255 255 -1 -1
24 1 #"\0"
0 -1 1 #"\0"
1.0 0 -1 -1 -1 -1 -1 -1 0 0 0 0 1 0 0 0 0 0 0 0 0 0 0 255 255 255 -1 -1
14 1 #"\0"
0 -1 1 #"\0"
1.0 0 -1 -1 -1 -1 -1 -1 0 0 0 0 1 0 0 0 0 0 0 0 0 0 0 255 255 255 -1 -1
21 1 #"\0"
0 -1 1 #"\0"
1.0 0 -1 -1 -1 -1 -1 -1 0 0 0 0 1 0 0 0 0 0 0 0 0 0 0 255 255 255 -1 -1
15 1 #"\0"
0 -1 1 #"\0"
1.0 0 -1 -1 -1 -1 -1 -1 0 0 0 0 1 0 0 0 0 0 0 0 0 0 0 255 255 255 -1 -1
17 1 #"\0"
0 -1 1 #"\0"
1.0 0 -1 -1 -1 -1 -1 -1 0 0 0 0 1 0 0 0 0 0 0 0 0 0 0 255 255 255 -1 -1
2 1 #"\0"
0 -1 1 #"\0"
1.0 0 -1 -1 -1 -1 -1 -1 1 0 0 0 0 0 1.0 1.0 1.0 1.0 1.0 1.0 0 0 0 0 0 0
-1 -1 2 1 #"\0"
0 -1 1 #"\0"
1.0 0 -1 -1 -1 -1 -1 -1 1 0 0 0 0 0 0 0 0 1.0 1.0 1.0 65 105 225 0 0 0
-1 -1 24 1 #"\0"
0 -1 1 #"\0"
1 0 -1 -1 -1 -1 -1 -1 0 0 0 0 0 1 0 0 0 0 0 0 0 0 0 173 216 230 -1 -1 21
1 #"\0"
0 -1 1 #"\0"
1 0 -1 -1 -1 -1 -1 -1 0 0 0 0 0 1 0 0 0 0 0 0 0 0 0 173 216 230 -1 -1 4
1 #"\0"
0 -1 1 #"\0"
1.0 0 92 -1 -1 -1 -1 -1 0 0 0 0 0 1 0 0 0 0 0 0 0 0 0 255 255 0 -1 -1 15
1 #"\0"
0 -1 1 #"\0"
1 0 -1 -1 -1 -1 -1 -1 0 0 0 0 0 1 0 0 0 0 0 0 0 0 0 173 216 230 -1 -1 0
1 #"\0"
0 75 10 #"Monospace\0"
0.0 12 90 -1 90 -1 3 -1 0 1 0 1 0 0 0.0 0.0 0.0 0.0 0.0 0.0 0 0 0 255
255 255 1 -1 2 1 #"\0"
0 -1 1 #"\0"
1.0 0 -1 -1 -1 -1 -1 -1 0 0 0 0 0 1 0.0 0.0 0.0 0.0 0.0 0.0 0 0 0 255
255 255 -1 -1 2 1 #"\0"
0 -1 1 #"\0"
1.0 0 -1 -1 -1 93 -1 -1 0 1 0 0 0 0 0.0 0.0 0.0 1.0 1.0 1.0 150 0 150 0
0 0 -1 -1 2 1 #"\0"
0 -1 1 #"\0"
1.0 0 -1 -1 93 -1 -1 -1 0 1 0 0 0 0 0.0 0.0 0.0 1.0 1.0 1.0 255 0 0 0 0
0 -1 -1 2 1 #"\0"
0 -1 1 #"\0"
1.0 0 -1 -1 -1 93 -1 -1 0 1 0 0 0 0 0.0 0.0 0.0 1.0 1.0 1.0 0 0 175 0 0
0 -1 -1 2 1 #"\0"
0 -1 1 #"\0"
1.0 0 -1 -1 -1 -1 -1 -1 0 0 0 0 0 0 0.0 0.0 0.0 1.0 1.0 1.0 0 0 0 0 0 0
-1 -1 0 1 #"\0"
0 75 12 #"PragmataPro\0"
0.0 18 90 -1 90 -1 3 -1 0 1 0 1 0 0 0.0 0.0 0.0 0.0 0.0 0.0 0 0 0 255
255 255 1 -1 2 1 #"\0"
0 -1 1 #"\0"
1.0 0 90 -1 90 -1 -1 -1 0 0 0 0 0 0 0.0 0.0 0.0 1.0 1.0 1.0 194 158 31 0
0 0 -1 -1 2 1 #"\0"
0 -1 1 #"\0"
1.0 0 -1 -1 90 -1 -1 -1 0 0 0 0 0 0 0.0 0.0 0.0 1.0 1.0 1.0 211 72 255 0
0 0 -1 -1 2 1 #"\0"
0 -1 1 #"\0"
1.0 0 -1 -1 -1 -1 -1 -1 0 0 0 0 0 0 0.0 0.0 0.0 1.0 1.0 1.0 211 72 255 0
0 0 -1 -1 2 1 #"\0"
0 -1 1 #"\0"
1.0 0 -1 -1 -1 -1 -1 -1 0 0 0 0 0 0 0.0 0.0 0.0 1.0 1.0 1.0 0 150 255 0
0 0 -1 -1 0 1 #"\0"
0 75 12 #"Inconsolata\0"
0.0 18 90 -1 90 -1 3 -1 0 1 0 1 0 0 0.0 0.0 0.0 0.0 0.0 0.0 0 0 0 255
255 255 1 -1 2 1 #"\0"
0 -1 1 #"\0"
1.0 0 -1 92 -1 93 -1 -1 0 1 0 0 0 0 0.0 0.0 0.0 1.0 1.0 1.0 150 0 150 0
0 0 -1 -1 2 1 #"\0"
0 -1 1 #"\0"
1.0 0 -1 92 93 -1 -1 -1 0 1 0 0 0 0 0.0 0.0 0.0 1.0 1.0 1.0 255 0 0 0 0
0 -1 -1 2 1 #"\0"
0 -1 1 #"\0"
1.0 0 -1 92 -1 93 -1 -1 0 1 0 0 0 0 0.0 0.0 0.0 1.0 1.0 1.0 0 0 175 0 0
0 -1 -1 2 1 #"\0"
0 -1 1 #"\0"
1.0 0 -1 92 -1 93 -1 -1 0 1 0 0 0 0 0.0 0.0 0.0 1.0 1.0 1.0 38 38 128 0
0 0 -1 -1 2 1 #"\0"
0 -1 1 #"\0"
1.0 0 -1 92 -1 93 -1 -1 0 1 0 0 0 0 0.0 0.0 0.0 1.0 1.0 1.0 194 116 31 0
0 0 -1 -1 2 1 #"\0"
0 -1 1 #"\0"
1.0 0 -1 -1 -1 -1 -1 -1 0 0 0 0 0 0 0.0 0.0 0.0 1.0 1.0 1.0 194 158 31 0
0 0 -1 -1 2 1 #"\0"
0 -1 1 #"\0"
1.0 0 -1 92 -1 93 -1 -1 0 1 0 0 0 0 0.0 0.0 0.0 1.0 1.0 1.0 41 128 38 0
0 0 -1 -1 2 1 #"\0"
0 -1 1 #"\0"
1.0 0 -1 92 -1 93 -1 -1 0 1 0 0 0 0 0.0 0.0 0.0 1.0 1.0 1.0 132 60 36 0
0 0 -1 -1 2 1 #"\0"
0 -1 1 #"\0"
1.0 0 -1 92 -1 93 -1 -1 0 1 0 0 0 0 0.0 0.0 0.0 1.0 1.0 1.0 255 0 0 0 0
0 -1 -1 2 1 #"\0"
0 -1 1 #"\0"
1.0 0 -1 92 -1 93 -1 -1 0 1 0 0 0 0 0.0 0.0 0.0 1.0 1.0 1.0 0 0 0 0 0 0
-1 -1 2 1 #"\0"
0 -1 1 #"\0"
1.0 0 -1 92 -1 93 -1 -1 0 1 0 0 0 0 0.0 0.0 0.0 1.0 1.0 1.0 81 112 203 0
0 0 -1 -1 2 1 #"\0"
0 -1 1 #"\0"
1.0 0 -1 92 -1 93 -1 -1 0 1 0 0 0 0 0.0 0.0 0.0 1.0 1.0 1.0 178 34 34 0
0 0 -1 -1 2 1 #"\0"
0 -1 1 #"\0"
1.0 0 -1 92 -1 93 -1 -1 0 1 0 0 0 0 0.0 0.0 0.0 1.0 1.0 1.0 68 0 203 0 0
0 -1 -1 2 1 #"\0"
0 -1 1 #"\0"
1.0 0 -1 92 -1 93 -1 -1 0 1 0 0 0 0 0.0 0.0 0.0 1.0 1.0 1.0 0 116 0 0 0
0 -1 -1 2 1 #"\0"
0 -1 1 #"\0"
1.0 0 -1 92 -1 93 -1 -1 0 1 0 0 0 0 0.0 0.0 0.0 1.0 1.0 1.0 139 142 28 0
0 0 -1 -1 2 1 #"\0"
0 -1 1 #"\0"
1.0 0 -1 92 -1 93 -1 -1 0 1 0 0 0 1 0.0 0.0 0.0 0.0 0.0 0.0 255 165 0 0
0 0 -1 -1 2 1 #"\0"
0 71 1 #"\0"
1.0 0 -1 -1 -1 -1 -1 -1 0 0 0 0 0 0 1.0 1.0 1.0 1.0 1.0 1.0 0 0 0 0 0 0
-1 -1 2 1 #"\0"
0 71 1 #"\0"
1.0 0 -1 -1 -1 -1 -1 -1 0 0 0 0 0 0 0.0 0.0 0.0 1.0 1.0 1.0 0 100 0 0 0
0 -1 -1 0 1 #"\0"
0 -1 1 #"\0"
0.0 13 -1 -1 -1 -1 -1 -1 0 0 0 0 0 0 1.0 1.0 1.0 1.0 1.0 1.0 0 0 0 0 0 0
-1 -1 2 1 #"\0"
0 -1 1 #"\0"
0.0 13 -1 -1 -1 -1 -1 -1 0 0 0 0 0 0 1.0 1.0 1.0 1.0 1.0 1.0 0 0 0 0 0 0
-1 -1 2 1 #"\0"
0 -1 1 #"\0"
1.0 0 -1 -1 -1 -1 -1 -1 0 0 0 0 0 0 0.0 0.0 0.0 1.0 1.0 1.0 200 0 0 0 0
0 -1 -1 19 1 #"\0"
0 -1 1 #"\0"
1.0 0 -1 -1 -1 -1 -1 -1 0 0 0 0 0 0 0.0 0.0 0.0 1.0 1.0 1.0 0 0 0 0 0 0
-1 -1 19 1 #"\0"
0 -1 1 #"\0"
1.0 0 -1 -1 -1 -1 -1 -1 0 0 0 0 1 0 0.0 0.0 0.0 0.0 0.0 0.0 0 0 0 255
255 255 -1 -1 19 1 #"\0"
0 -1 1 #"\0"
1.0 0 -1 -1 -1 -1 -1 -1 0 0 0 0 0 1 0.0 0.0 0.0 0.0 0.0 0.0 0 0 0 173
216 230 -1 -1 17 1 #"\0"
0 -1 1 #"\0"
1.0 0 -1 -1 -1 -1 -1 -1 0 0 0 0 0 0 0.0 0.0 0.0 1.0 1.0 1.0 0 0 0 0 0 0
-1 -1 17 1 #"\0"
0 -1 1 #"\0"
1.0 0 -1 -1 -1 -1 -1 -1 0 0 0 0 0 1 0.0 0.0 0.0 0.0 0.0 0.0 0 0 0 173
216 230 -1 -1 4 1 #"\0"
0 -1 1 #"\0"
1.0 0 -1 -1 -1 -1 -1 -1 0 0 0 0 0 0 0.0 0.0 0.0 1.0 1.0 1.0 0 0 0 0 0 0
-1 -1 2 1 #"\0"
0 -1 1 #"\0"
1.0 0 -1 -1 -1 -1 -1 -1 1 0 0 0 0 0 0.0 0.0 0.0 1.0 1.0 1.0 0 0 255 0 0
0 -1 -1 2 1 #"\0"
0 -1 1 #"\0"
1.0 0 -1 -1 -1 -1 -1 -1 0 0 0 0 0 0 0.0 0.0 0.0 1.0 1.0 1.0 38 38 128 0
0 0 -1 -1 2 1 #"\0"
0 -1 1 #"\0"
1.0 0 -1 -1 -1 -1 -1 -1 0 0 0 0 0 0 0.0 0.0 0.0 1.0 1.0 1.0 194 116 31 0
0 0 -1 -1 2 1 #"\0"
0 -1 1 #"\0"
1.0 0 -1 -1 -1 -1 -1 -1 0 0 0 0 0 0 0.0 0.0 0.0 1.0 1.0 1.0 41 128 38 0
0 0 -1 -1 2 1 #"\0"
0 -1 1 #"\0"
1.0 0 90 -1 -1 -1 -1 -1 0 0 0 0 0 0 0.0 0.0 0.0 1.0 1.0 1.0 132 60 36 0
0 0 -1 -1 2 1 #"\0"
0 -1 1 #"\0"
1.0 0 -1 -1 -1 -1 -1 -1 0 0 0 0 0 0 0.0 0.0 0.0 1.0 1.0 1.0 255 0 0 0 0
0 -1 -1 2 1 #"\0"
0 -1 1 #"\0"
1.0 0 -1 -1 -1 -1 -1 -1 0 0 0 0 0 0 0.0 0.0 0.0 1.0 1.0 1.0 81 112 203 0
0 0 -1 -1 2 1 #"\0"
0 -1 1 #"\0"
1.0 0 -1 -1 -1 -1 -1 -1 0 0 0 0 0 0 0.0 0.0 0.0 1.0 1.0 1.0 178 34 34 0
0 0 -1 -1 2 1 #"\0"
0 -1 1 #"\0"
1.0 0 -1 -1 -1 -1 -1 -1 0 0 0 0 0 0 0.0 0.0 0.0 1.0 1.0 1.0 68 0 203 0 0
0 -1 -1 2 1 #"\0"
0 -1 1 #"\0"
1.0 0 -1 -1 -1 -1 -1 -1 0 0 0 0 0 0 0.0 0.0 0.0 1.0 1.0 1.0 0 116 0 0 0
0 -1 -1 2 1 #"\0"
0 -1 1 #"\0"
1.0 0 -1 -1 -1 -1 -1 -1 0 0 0 0 0 0 0.0 0.0 0.0 1.0 1.0 1.0 139 142 28 0
0 0 -1 -1 2 1 #"\0"
0 -1 1 #"\0"
1.0 0 -1 -1 -1 -1 -1 -1 0 0 0 0 0 0 0.0 0.0 0.0 0.0 0.0 0.0 255 165 0 0
0 0 -1 -1 2 1 #"\0"
0 -1 1 #"\0"
1.0 0 -1 -1 -1 -1 -1 -1 0 0 0 0 0 0 0.0 0.0 0.0 1.0 1.0 1.0 34 139 34 0
0 0 -1 -1 2 1 #"\0"
0 -1 1 #"\0"
1.0 0 -1 -1 -1 -1 -1 -1 0 0 0 0 0 0 0.0 0.0 0.0 1.0 1.0 1.0 176 48 96 0
0 0 -1 -1 2 38 #"drscheme:check-syntax:lexically-bound\0"
0 -1 1 #"\0"
1.0 0 -1 -1 -1 -1 -1 -1 0 0 0 0 0 0 0.0 0.0 0.0 1.0 1.0 1.0 81 112 203 0
0 0 -1 -1 2 28 #"drscheme:check-syntax:set!d\0"
0 -1 1 #"\0"
1.0 0 -1 -1 -1 -1 -1 -1 0 0 0 0 0 0 0.0 0.0 0.0 1.0 1.0 1.0 178 34 34 0
0 0 -1 -1 2 31 #"drscheme:check-syntax:imported\0"
0 -1 1 #"\0"
1.0 0 -1 -1 -1 -1 -1 -1 0 0 0 0 0 0 0.0 0.0 0.0 1.0 1.0 1.0 68 0 203 0 0
0 -1 -1 8 1 #"\0"
0 -1 1 #"\0"
1.0 0 -1 -1 -1 -1 -1 -1 0 0 0 0 0 0 0.0 0.0 0.0 1.0 1.0 1.0 255 0 0 0 0
0 -1 -1 8 24 #"drscheme:text:ports err\0"
0 -1 1 #"\0"
1.0 0 -1 -1 -1 -1 -1 -1 0 0 0 0 0 0 0.0 0.0 0.0 1.0 1.0 1.0 255 0 0 0 0
0 -1 -1 0 1 #"\0"
0 -1 1 #"\0"
1.0 0 -1 -1 -1 -1 -1 -1 0 0 0 0 0 0 1.0 1.0 1.0 1.0 1.0 1.0 0 0 0 0 0 0
0 -1 4 1 #"\0"
0 -1 1 #"\0"
1.0 0 -1 -1 -1 -1 -1 -1 0 0 0 0 0 1 0.0 0.0 0.0 0.0 0.0 0.0 0 0 0 173
216 230 -1 -1 26 1 #"\0"
0 -1 1 #"\0"
1.0 0 -1 -1 -1 -1 -1 -1 0 0 0 0 1 0 0.0 0.0 0.0 0.0 0.0 0.0 0 0 0 255
255 255 -1 -1 2 1 #"\0"
0 -1 1 #"\0"
1.0 0 -1 -1 -1 -1 -1 -1 0 0 0 0 0 0 0.0 0.0 0.0 1.0 1.0 1.0 132 60 36 0
0 0 -1 -1 2 1 #"\0"
0 -1 1 #"\0"
1.0 0 90 -1 93 -1 -1 -1 0 0 0 0 0 0 0.0 0.0 0.0 1.0 1.0 1.0 194 116 31 0
0 0 -1 -1 26 1 #"\0"
0 -1 1 #"\0"
1.0 0 -1 -1 -1 -1 -1 -1 0 0 0 0 0 0 0.0 0.0 0.0 1.0 1.0 1.0 0 0 0 0 0 0
-1 -1 26 1 #"\0"
0 -1 1 #"\0"
1.0 0 -1 -1 -1 -1 -1 -1 0 0 0 0 0 1 0.0 0.0 0.0 0.0 0.0 0.0 0 0 0 173
216 230 -1 -1 0 1 #"\0"
0 -1 1 #"\0"
1.0 0 -1 -1 -1 -1 -1 -1 0 0 0 0 0 0 0.0 0.0 0.0 1.0 1.0 1.0 200 0 0 0 0
0 -1 -1 2 1 #"\0"
0 -1 1 #"\0"
1.0 0 -1 -1 -1 -1 -1 -1 0 0 0 0 0 1 0.0 0.0 0.0 0.0 0.0 0.0 255 165 0 0
0 0 -1 -1 4 1 #"\0"
0 71 1 #"\0"
1.0 0 -1 -1 93 -1 -1 -1 0 0 0 0 0 0 0.0 0.0 0.0 1.0 1.0 1.0 255 0 0 0 0
0 -1 -1 2 1 #"\0"
0 70 1 #"\0"
1.0 0 -1 -1 93 -1 -1 -1 0 0 0 0 0 0 0.0 0.0 0.0 1.0 1.0 1.0 148 0 211 0
0 0 -1 -1 2 1 #"\0"
0 70 1 #"\0"
1.0 0 -1 -1 -1 -1 -1 -1 1 0 0 0 0 0 0.0 0.0 0.0 1.0 1.0 1.0 0 0 255 0 0
0 -1 -1 48 1 #"\0"
0 -1 1 #"\0"
1.0 0 -1 -1 -1 -1 -1 -1 0 0 0 0 0 0 1.0 1.0 1.0 1.0 1.0 1.0 0 0 0 0 0 0
-1 -1 0 1 #"\0"
0 75 12 #"Inconsolata\0"
0.0 15 90 -1 90 -1 3 -1 0 1 0 1 0 0 0.0 0.0 0.0 0.0 0.0 0.0 0 0 0 255
255 255 1 -1 0 1 #"\0"
0 75 12 #"Courier New\0"
0.0 15 90 -1 90 -1 3 -1 0 1 0 1 0 0 0.0 0.0 0.0 0.0 0.0 0.0 0 0 0 255
255 255 1 -1 0 1 #"\0"
0 75 12 #"Courier New\0"
0.0 12 90 -1 90 -1 3 -1 0 1 0 1 0 0 0.0 0.0 0.0 0.0 0.0 0.0 0 0 0 255
255 255 1 -1 31 1 #"\0"
0 -1 1 #"\0"
1.0 0 -1 -1 -1 -1 -1 -1 0 0 0 0 0 0 0.0 0.0 0.0 1.0 1.0 1.0 0 0 0 0 0 0
-1 -1 37 1 #"\0"
0 -1 1 #"\0"
1.0 0 -1 -1 -1 -1 -1 -1 0 0 0 0 0 0 0.0 0.0 0.0 1.0 1.0 1.0 0 0 0 0 0 0
-1 -1 37 1 #"\0"
0 -1 1 #"\0"
1.0 0 -1 -1 -1 -1 -1 -1 0 0 0 0 0 1 0.0 0.0 0.0 0.0 0.0 0.0 0 0 0 173
216 230 -1 -1 37 1 #"\0"
0 -1 1 #"\0"
1.0 0 -1 -1 -1 -1 -1 -1 0 0 0 0 1 0 0.0 0.0 0.0 0.0 0.0 0.0 0 0 0 255
255 255 -1 -1 31 1 #"\0"
0 -1 1 #"\0"
1.0 0 -1 -1 -1 -1 -1 -1 0 0 0 0 1 0 0.0 0.0 0.0 0.0 0.0 0.0 0 0 0 255
255 255 -1 -1 28 1 #"\0"
0 -1 1 #"\0"
1.0 0 -1 -1 -1 -1 -1 -1 0 0 0 0 1 0 0.0 0.0 0.0 0.0 0.0 0.0 0 0 0 255
255 255 -1 -1 24 1 #"\0"
0 -1 1 #"\0"
1.0 0 92 -1 -1 -1 -1 -1 0 0 0 0 0 1 0.0 0.0 0.0 0.0 0.0 0.0 0 0 0 255
255 0 -1 -1 14 1 #"\0"
0 -1 1 #"\0"
1.0 0 92 -1 -1 -1 -1 -1 0 0 0 0 0 1 0.0 0.0 0.0 0.0 0.0 0.0 0 0 0 255
255 0 -1 -1 19 1 #"\0"
0 -1 1 #"\0"
1.0 0 92 -1 -1 -1 -1 -1 0 0 0 0 0 1 0.0 0.0 0.0 0.0 0.0 0.0 0 0 0 255
255 0 -1 -1 0 1 #"\0"
0 75 11 #" Monospace\0"
0.0 12 90 -1 90 -1 3 -1 0 1 0 1 0 0 0.0 0.0 0.0 0.0 0.0 0.0 0 0 0 255
255 255 1 -1 17 1 #"\0"
0 -1 1 #"\0"
1.0 0 -1 -1 -1 -1 -1 -1 0 0 0 0 0 0 1.0 1.0 1.0 1.0 1.0 1.0 0 0 0 0 0 0
-1 -1 14 1 #"\0"
0 -1 1 #"\0"
1.0 0 -1 -1 -1 -1 -1 -1 0 0 0 0 0 0 1.0 1.0 1.0 1.0 1.0 1.0 0 0 0 0 0 0
-1 -1 15 1 #"\0"
0 -1 1 #"\0"
1.0 0 -1 -1 -1 -1 -1 -1 0 0 0 0 0 0 1.0 1.0 1.0 1.0 1.0 1.0 0 0 0 0 0 0
-1 -1 0 1 #"\0"
0 75 12 #"Courier New\0"
0.0 10 90 -1 90 -1 3 -1 0 1 0 1 0 0 0.0 0.0 0.0 0.0 0.0 0.0 0 0 0 255
255 255 1 -1 21 1 #"\0"
0 -1 1 #"\0"
1.0 0 92 -1 -1 -1 -1 -1 0 0 0 0 0 1 0.0 0.0 0.0 0.0 0.0 0.0 0 0 0 255
255 0 -1 -1 0 1 #"\0"
0 75 12 #"Inconsolata\0"
0.0 19 90 -1 90 -1 3 -1 0 1 0 1 0 0 0.0 0.0 0.0 0.0 0.0 0.0 0 0 0 255
255 255 1 -1 0 1 #"\0"
0 75 1 #"\0"
0.0 10 90 -1 90 -1 3 -1 0 1 0 1 0 0 0.0 0.0 0.0 0.0 0.0 0.0 0 0 0 255
255 255 1 -1 0 1 #"\0"
0 75 12 #"Courier New\0"
0.0 14 90 -1 90 -1 3 -1 0 1 0 1 0 0 0.0 0.0 0.0 0.0 0.0 0.0 0 0 0 255
255 255 1 -1 0 1 #"\0"
0 75 12 #"Courier New\0"
0.0 13 90 -1 90 -1 3 -1 0 1 0 1 0 0 0.0 0.0 0.0 0.0 0.0 0.0 0 0 0 255
255 255 1 -1 4 1 #"\0"
0 -1 1 #"\0"
1.0 0 -1 -1 -1 -1 -1 -1 0 0 0 0 0 0 1.0 1.0 1.0 1.0 1.0 1.0 0 0 0 0 0 0
-1 -1 2 41 #"profj:syntax-colors:scheme:block-comment\0"
0 -1 1 #"\0"
1.0 0 -1 -1 -1 -1 -1 -1 0 0 0 0 0 0 0.0 0.0 0.0 1.0 1.0 1.0 194 116 31 0
0 0 -1 -1 2 35 #"profj:syntax-colors:scheme:keyword\0"
0 -1 1 #"\0"
1.0 0 -1 -1 -1 -1 -1 -1 0 0 0 0 0 0 0.0 0.0 0.0 1.0 1.0 1.0 0 0 0 0 0 0
-1 -1 2 1 #"\0"
0 -1 1 #"\0"
1.0 0 -1 -1 -1 -1 -1 -1 0 0 0 0 0 0 0.0 0.0 0.0 1.0 1.0 1.0 139 0 139 0
0 0 -1 -1 2 37 #"profj:syntax-colors:scheme:prim-type\0"
0 -1 1 #"\0"
1.0 0 -1 -1 -1 -1 -1 -1 0 0 0 0 0 0 0.0 0.0 0.0 1.0 1.0 1.0 139 0 139 0
0 0 -1 -1 2 38 #"profj:syntax-colors:scheme:identifier\0"
0 -1 1 #"\0"
1.0 0 -1 -1 -1 -1 -1 -1 0 0 0 0 0 0 0.0 0.0 0.0 1.0 1.0 1.0 38 38 128 0
0 0 -1 -1 2 34 #"profj:syntax-colors:scheme:string\0"
0 -1 1 #"\0"
1.0 0 -1 -1 -1 -1 -1 -1 0 0 0 0 0 0 0.0 0.0 0.0 1.0 1.0 1.0 34 139 34 0
0 0 -1 -1 2 35 #"profj:syntax-colors:scheme:literal\0"
0 -1 1 #"\0"
1.0 0 -1 -1 -1 -1 -1 -1 0 0 0 0 0 0 0.0 0.0 0.0 1.0 1.0 1.0 34 139 34 0
0 0 -1 -1 2 35 #"profj:syntax-colors:scheme:comment\0"
0 -1 1 #"\0"
1.0 0 -1 -1 -1 -1 -1 -1 0 0 0 0 0 0 0.0 0.0 0.0 1.0 1.0 1.0 194 116 31 0
0 0 -1 -1 2 33 #"profj:syntax-colors:scheme:error\0"
0 -1 1 #"\0"
1.0 0 -1 -1 -1 -1 -1 -1 0 0 0 0 0 0 0.0 0.0 0.0 1.0 1.0 1.0 255 0 0 0 0
0 -1 -1 2 35 #"profj:syntax-colors:scheme:default\0"
0 -1 1 #"\0"
1.0 0 -1 -1 -1 -1 -1 -1 0 0 0 0 0 0 0.0 0.0 0.0 1.0 1.0 1.0 0 0 0 0 0 0
-1 -1 2 37 #"profj:syntax-colors:scheme:uncovered\0"
0 -1 1 #"\0"
1.0 0 -1 -1 -1 -1 -1 -1 0 0 0 0 0 0 0.0 0.0 0.0 1.0 1.0 1.0 0 0 0 0 0 0
-1 -1 2 35 #"profj:syntax-colors:scheme:covered\0"
0 -1 1 #"\0"
1.0 0 -1 -1 -1 -1 -1 -1 0 0 0 0 0 0 0.0 0.0 0.0 1.0 1.0 1.0 139 0 139 0
0 0 -1 -1 0 1 #"\0"
0 75 12 #"Courier New\0"
0.0 16 90 -1 90 -1 3 -1 0 1 0 1 0 0 0.0 0.0 0.0 0.0 0.0 0.0 0 0 0 255
255 255 1 -1 0 1 #"\0"
0 75 1 #"\0"
0.0 11 90 -1 90 -1 3 -1 0 1 0 1 0 0 0.0 0.0 0.0 0.0 0.0 0.0 0 0 0 255
255 255 1 -1 0 1 #"\0"
0 75 11 #" Monospace\0"
0.0 11 90 -1 90 -1 3 -1 0 1 0 1 0 0 0.0 0.0 0.0 0.0 0.0 0.0 0 0 0 255
255 255 1 -1 24 1 #"\0"
0 -1 1 #"\0"
1.0 0 -1 -1 -1 -1 -1 -1 0 0 0 0 0 0 0.0 0.0 0.0 0.0 0.0 0.0 0 0 0 255
255 255 -1 -1 14 1 #"\0"
0 -1 1 #"\0"
1.0 0 -1 -1 -1 -1 -1 -1 0 0 0 0 0 0 0.0 0.0 0.0 0.0 0.0 0.0 0 0 0 255
255 255 -1 -1 4 1 #"\0"
0 -1 1 #"\0"
1.0 0 -1 -1 -1 -1 -1 -1 0 0 0 0 0 0 0.0 0.0 0.0 0.0 0.0 0.0 0 0 0 255
255 255 -1 -1 15 1 #"\0"
0 -1 1 #"\0"
1.0 0 -1 -1 -1 -1 -1 -1 0 0 0 0 0 0 0.0 0.0 0.0 0.0 0.0 0.0 0 0 0 255
255 255 -1 -1 19 1 #"\0"
0 -1 1 #"\0"
1.0 0 -1 -1 -1 -1 -1 -1 0 0 0 0 0 0 0.0 0.0 0.0 0.0 0.0 0.0 0 0 0 255
255 255 -1 -1 21 1 #"\0"
0 -1 1 #"\0"
1.0 0 -1 -1 -1 -1 -1 -1 0 0 0 0 0 0 0.0 0.0 0.0 0.0 0.0 0.0 0 0 0 255
255 255 -1 -1 17 1 #"\0"
0 -1 1 #"\0"
1.0 0 -1 -1 -1 -1 -1 -1 0 0 0 0 0 0 0.0 0.0 0.0 0.0 0.0 0.0 0 0 0 255
255 255 -1 -1 14 1 #"\0"
0 -1 1 #"\0"
1.0 0 -1 -1 -1 -1 -1 -1 0 0 0 0 0 1 0.0 0.0 0.0 0.0 0.0 0.0 0 0 0 255
255 255 -1 -1 24 1 #"\0"
0 -1 1 #"\0"
1.0 0 -1 -1 -1 -1 -1 -1 0 0 0 0 0 1 0.0 0.0 0.0 0.0 0.0 0.0 0 0 0 255
255 255 -1 -1 4 1 #"\0"
0 -1 1 #"\0"
1.0 0 -1 -1 -1 -1 -1 -1 0 0 0 0 0 1 0.0 0.0 0.0 0.0 0.0 0.0 0 0 0 255
255 255 -1 -1 21 1 #"\0"
0 -1 1 #"\0"
1.0 0 -1 -1 -1 -1 -1 -1 0 0 0 0 0 1 0.0 0.0 0.0 0.0 0.0 0.0 0 0 0 255
255 255 -1 -1 26 1 #"\0"
0 -1 1 #"\0"
1.0 0 -1 -1 -1 -1 -1 -1 0 0 0 0 0 0 0.0 0.0 0.0 0.0 0.0 0.0 0 0 0 255
255 255 -1 -1 15 1 #"\0"
0 -1 1 #"\0"
1.0 0 -1 -1 -1 -1 -1 -1 0 0 0 0 0 1 0.0 0.0 0.0 0.0 0.0 0.0 0 0 0 255
255 255 -1 -1 19 1 #"\0"
0 -1 1 #"\0"
1.0 0 -1 -1 -1 -1 -1 -1 0 0 0 0 0 1 0.0 0.0 0.0 0.0 0.0 0.0 0 0 0 255
255 255 -1 -1 17 1 #"\0"
0 -1 1 #"\0"
1.0 0 -1 -1 -1 -1 -1 -1 0 0 0 0 0 1 0.0 0.0 0.0 0.0 0.0 0.0 0 0 0 255
255 255 -1 -1 26 1 #"\0"
0 -1 1 #"\0"
1.0 0 -1 -1 -1 -1 -1 -1 0 0 0 0 0 1 0.0 0.0 0.0 0.0 0.0 0.0 0 0 0 255
255 255 -1 -1 0 1 #"\0"
0 -1 1 #"\0"
0.0 11 -1 -1 -1 -1 -1 -1 0 0 1 0 0 0 1.0 1.0 1.0 1.0 1.0 1.0 0 0 0 0 0 0
-1 -1 2 1 #"\0"
0 -1 1 #"\0"
0.0 11 -1 -1 -1 -1 -1 -1 0 0 1 0 0 0 1.0 1.0 1.0 1.0 1.0 1.0 0 0 0 0 0 0
-1 -1 0 1 #"\0"
0 -1 1 #"\0"
0.0 12 -1 -1 -1 -1 -1 -1 0 0 1 0 0 0 1.0 1.0 1.0 1.0 1.0 1.0 0 0 0 0 0 0
-1 -1 2 1 #"\0"
0 -1 1 #"\0"
0.0 12 -1 -1 -1 -1 -1 -1 0 0 1 0 0 0 1.0 1.0 1.0 1.0 1.0 1.0 0 0 0 0 0 0
-1 -1 2 14 #"Html Standard\0"
0 -1 1 #"\0"
1 0 -1 -1 -1 -1 -1 -1 0 0 0 0 0 0 1 1 1 1 1 1 0 0 0 0 0 0 -1 -1 2 40
#"framework:syntax-coloring:scheme:symbol\0"
0 -1 1 #"\0"
1.0 0 -1 -1 -1 -1 -1 -1 0 0 0 0 0 0 0.0 0.0 0.0 1.0 1.0 1.0 38 38 128 0
0 0 -1 -1 2 41 #"framework:syntax-coloring:scheme:keyword\0"
0 -1 1 #"\0"
1.0 0 -1 -1 -1 -1 -1 -1 0 0 0 0 0 0 0.0 0.0 0.0 1.0 1.0 1.0 38 38 128 0
0 0 -1 -1 2 41 #"framework:syntax-coloring:scheme:comment\0"
0 -1 1 #"\0"
1.0 0 -1 -1 -1 -1 -1 -1 0 0 0 0 0 0 0.0 0.0 0.0 1.0 1.0 1.0 194 116 31 0
0 0 -1 -1 2 40 #"framework:syntax-coloring:scheme:string\0"
0 -1 1 #"\0"
1.0 0 -1 -1 -1 -1 -1 -1 0 0 0 0 0 0 0.0 0.0 0.0 1.0 1.0 1.0 41 128 38 0
0 0 -1 -1 2 42 #"framework:syntax-coloring:scheme:constant\0"
0 -1 1 #"\0"
1.0 0 -1 -1 -1 -1 -1 -1 0 0 0 0 0 0 0.0 0.0 0.0 1.0 1.0 1.0 41 128 38 0
0 0 -1 -1 2 45 #"framework:syntax-coloring:scheme:parenthesis\0"
0 -1 1 #"\0"
1.0 0 -1 -1 -1 -1 -1 -1 0 0 0 0 0 0 0.0 0.0 0.0 1.0 1.0 1.0 132 60 36 0
0 0 -1 -1 2 39 #"framework:syntax-coloring:scheme:error\0"
0 -1 1 #"\0"
1.0 0 -1 -1 -1 -1 -1 -1 0 0 0 0 0 0 0.0 0.0 0.0 1.0 1.0 1.0 255 0 0 0 0
0 -1 -1 2 39 #"framework:syntax-coloring:scheme:other\0"
0 -1 1 #"\0"
1.0 0 -1 -1 -1 -1 -1 -1 0 0 0 0 0 0 0.0 0.0 0.0 1.0 1.0 1.0 0 0 0 0 0 0
-1 -1 2 49 #"drscheme:check-syntax:lexically-bound-identifier\0"
0 -1 1 #"\0"
1.0 0 -1 -1 -1 -1 -1 -1 0 0 0 0 0 0 0.0 0.0 0.0 1.0 1.0 1.0 81 112 203 0
0 0 -1 -1 2 42 #"drscheme:check-syntax:imported-identifier\0"
0 -1 1 #"\0"
1.0 0 -1 -1 -1 -1 -1 -1 0 0 0 0 0 0 0.0 0.0 0.0 1.0 1.0 1.0 68 0 203 0 0
0 -1 -1 2 37 #"profj:syntax-coloring:scheme:keyword\0"
0 -1 1 #"\0"
1.0 0 -1 -1 -1 -1 -1 -1 0 0 0 0 0 0 0.0 0.0 0.0 1.0 1.0 1.0 0 0 0 0 0 0
-1 -1 2 39 #"profj:syntax-coloring:scheme:prim-type\0"
0 -1 1 #"\0"
1.0 0 -1 -1 -1 -1 -1 -1 0 0 0 0 0 0 0.0 0.0 0.0 1.0 1.0 1.0 139 0 139 0
0 0 -1 -1 2 40 #"profj:syntax-coloring:scheme:identifier\0"
0 -1 1 #"\0"
1.0 0 -1 -1 -1 -1 -1 -1 0 0 0 0 0 0 0.0 0.0 0.0 1.0 1.0 1.0 38 38 128 0
0 0 -1 -1 2 36 #"profj:syntax-coloring:scheme:string\0"
0 -1 1 #"\0"
1.0 0 -1 -1 -1 -1 -1 -1 0 0 0 0 0 0 0.0 0.0 0.0 1.0 1.0 1.0 34 139 34 0
0 0 -1 -1 2 37 #"profj:syntax-coloring:scheme:literal\0"
0 -1 1 #"\0"
1.0 0 -1 -1 -1 -1 -1 -1 0 0 0 0 0 0 0.0 0.0 0.0 1.0 1.0 1.0 34 139 34 0
0 0 -1 -1 2 37 #"profj:syntax-coloring:scheme:comment\0"
0 -1 1 #"\0"
1.0 0 -1 -1 -1 -1 -1 -1 0 0 0 0 0 0 0.0 0.0 0.0 1.0 1.0 1.0 194 116 31 0
0 0 -1 -1 2 35 #"profj:syntax-coloring:scheme:error\0"
0 -1 1 #"\0"
1.0 0 -1 -1 -1 -1 -1 -1 0 0 0 0 0 0 0.0 0.0 0.0 1.0 1.0 1.0 255 0 0 0 0
0 -1 -1 2 37 #"profj:syntax-coloring:scheme:default\0"
0 -1 1 #"\0"
1.0 0 -1 -1 -1 -1 -1 -1 0 0 0 0 0 0 0.0 0.0 0.0 1.0 1.0 1.0 0 0 0 0 0 0
-1 -1 2 39 #"profj:syntax-coloring:scheme:uncovered\0"
0 -1 1 #"\0"
1.0 0 -1 -1 -1 -1 -1 -1 0 0 0 0 0 0 0.0 0.0 0.0 1.0 1.0 1.0 0 0 0 0 0 0
-1 -1 2 37 #"profj:syntax-coloring:scheme:covered\0"
0 -1 1 #"\0"
1.0 0 -1 -1 -1 -1 -1 -1 0 0 0 0 0 0 0.0 0.0 0.0 1.0 1.0 1.0 139 0 139 0
0 0 -1 -1 2 1 #"\0"
0 70 1 #"\0"
1.0 0 -1 -1 -1 -1 -1 -1 0 0 0 0 0 0 1.0 1.0 1.0 1.0 1.0 1.0 0 0 0 0 0 0
-1 -1 207 1 #"\0"
0 -1 1 #"\0"
1.0 0 -1 -1 -1 -1 -1 -1 0 0 0 0 0 0 0.0 0.0 0.0 1.0 1.0 1.0 0 0 0 0 0 0
-1 -1 202 1 #"\0"
0 -1 1 #"\0"
1.0 0 -1 -1 -1 -1 -1 -1 0 0 0 0 0 0 0.0 0.0 0.0 1.0 1.0 1.0 0 0 0 0 0 0
-1 -1 206 1 #"\0"
0 -1 1 #"\0"
1.0 0 -1 -1 -1 -1 -1 -1 0 0 0 0 0 0 0.0 0.0 0.0 1.0 1.0 1.0 0 0 0 0 0 0
-1 -1 206 1 #"\0"
0 -1 1 #"\0"
1.0 0 -1 -1 -1 -1 -1 -1 0 0 0 0 0 0 0.0 0.0 0.0 1.0 1.0 1.0 178 34 34 0
0 0 -1 -1 203 1 #"\0"
0 -1 1 #"\0"
1.0 0 -1 -1 -1 -1 -1 -1 0 0 0 0 0 0 0.0 0.0 0.0 1.0 1.0 1.0 0 0 0 0 0 0
-1 -1 207 1 #"\0"
0 -1 1 #"\0"
1.0 0 -1 -1 -1 -1 -1 -1 0 0 0 0 0 0 0.0 0.0 0.0 1.0 1.0 1.0 178 34 34 0
0 0 -1 -1 202 1 #"\0"
0 -1 1 #"\0"
1.0 0 -1 -1 -1 -1 -1 -1 0 0 0 0 0 0 0.0 0.0 0.0 1.0 1.0 1.0 178 34 34 0
0 0 -1 -1 4 1 #"\0"
0 -1 1 #"\0"
1.0 0 -1 -1 -1 -1 -1 -1 0 0 0 0 0 0 0.0 0.0 0.0 1.0 1.0 1.0 178 34 34 0
0 0 -1 -1 204 1 #"\0"
0 -1 1 #"\0"
1.0 0 -1 -1 -1 -1 -1 -1 0 0 0 0 0 0 0.0 0.0 0.0 0.0 0.0 0.0 0 0 0 255
255 255 -1 -1 207 1 #"\0"
0 -1 1 #"\0"
1.0 0 -1 -1 -1 -1 -1 -1 0 0 0 0 0 0 0.0 0.0 0.0 0.0 0.0 0.0 0 0 0 255
255 255 -1 -1 203 1 #"\0"
0 -1 1 #"\0"
1.0 0 -1 -1 -1 -1 -1 -1 0 0 0 0 0 0 0.0 0.0 0.0 0.0 0.0 0.0 0 0 0 255
255 255 -1 -1 202 1 #"\0"
0 -1 1 #"\0"
1.0 0 -1 -1 -1 -1 -1 -1 0 0 0 0 0 0 0.0 0.0 0.0 0.0 0.0 0.0 0 0 0 255
255 255 -1 -1 206 1 #"\0"
0 -1 1 #"\0"
1.0 0 -1 -1 -1 -1 -1 -1 0 0 0 0 0 0 0.0 0.0 0.0 0.0 0.0 0.0 0 0 0 255
255 255 -1 -1 4 1 #"\0"
0 -1 1 #"\0"
1.0 0 -1 -1 -1 -1 -1 -1 0 0 0 0 0 0 0.0 0.0 0.0 0.0 0.0 0.0 178 34 34
255 255 255 -1 -1 2 1 #"\0"
0 -1 1 #"\0"
1.0 0 -1 -1 -1 -1 -1 -1 0 0 0 0 0 0 0.0 0.0 0.0 0.0 0.0 0.0 0 0 0 255
255 255 -1 -1 24 1 #"\0"
0 -1 1 #"\0"
1.0 0 -1 -1 -1 -1 -1 -1 0 0 0 0 0 0 0.0 0.0 0.0 1.0 1.0 1.0 178 34 34 0
0 0 -1 -1 14 1 #"\0"
0 -1 1 #"\0"
1.0 0 -1 -1 -1 -1 -1 -1 0 0 0 0 0 0 0.0 0.0 0.0 1.0 1.0 1.0 178 34 34 0
0 0 -1 -1 201 1 #"\0"
0 70 1 #"\0"
1.0 0 -1 -1 -1 -1 -1 -1 0 0 0 0 0 0 1.0 1.0 1.0 1.0 1.0 1.0 0 0 0 0 0 0
-1 -1 201 1 #"\0"
0 70 1 #"\0"
2.0 0 92 -1 -1 -1 -1 -1 0 0 0 0 0 0 1.0 1.0 1.0 1.0 1.0 1.0 0 0 0 0 0 0
-1 -1 201 1 #"\0"
0 70 1 #"\0"
1.0 0 92 -1 -1 -1 -1 -1 0 0 0 0 0 0 1.0 1.0 1.0 1.0 1.0 1.0 0 0 0 0 0 0
-1 -1 201 1 #"\0"
0 70 1 #"\0"
1.0 0 92 -1 -1 -1 -1 -1 1 0 0 0 0 0 0.0 0.0 0.0 1.0 1.0 1.0 0 0 255 0 0
0 -1 -1 201 1 #"\0"
0 70 1 #"\0"
1.0 -2 -1 -1 -1 -1 -1 -1 0 0 0 0 0 0 1.0 1.0 1.0 1.0 1.0 1.0 0 0 0 0 0 0
-1 -1 201 1 #"\0"
0 70 1 #"\0"
1.0 -2 -1 -1 -1 -1 -1 -1 1 0 0 0 0 0 0.0 0.0 0.0 1.0 1.0 1.0 0 0 255 0 0
0 -1 -1 201 1 #"\0"
0 70 1 #"\0"
1.0 0 92 -1 -1 -1 -1 -1 1 0 0 0 0 0 0.0 0.0 0.0 1.0 1.0 1.0 34 139 34 0
0 0 -1 -1 201 1 #"\0"
0 70 1 #"\0"
1.0 0 -1 -1 93 -1 -1 -1 0 0 0 0 0 0 1.0 1.0 1.0 1.0 1.0 1.0 0 0 0 0 0 0
-1 -1 205 1 #"\0"
0 -1 1 #"\0"
1.0 0 -1 -1 -1 -1 -1 -1 0 0 0 0 0 0 0.0 0.0 0.0 1.0 1.0 1.0 0 0 0 0 0 0
-1 -1 203 1 #"\0"
0 -1 1 #"\0"
1.0 0 -1 -1 -1 -1 -1 -1 0 0 0 0 0 0 0.0 0.0 0.0 1.0 1.0 1.0 178 34 34 0
0 0 -1 -1 205 1 #"\0"
0 -1 1 #"\0"
1.0 0 -1 -1 -1 -1 -1 -1 0 0 0 0 0 0 0.0 0.0 0.0 1.0 1.0 1.0 178 34 34 0
0 0 -1 -1 205 1 #"\0"
0 -1 1 #"\0"
1.0 0 -1 -1 -1 -1 -1 -1 0 0 0 0 0 0 0.0 0.0 0.0 0.0 0.0 0.0 0 0 0 255
255 255 -1 -1 21 1 #"\0"
0 -1 1 #"\0"
1.0 0 -1 -1 -1 -1 -1 -1 0 0 0 0 0 0 0.0 0.0 0.0 1.0 1.0 1.0 178 34 34 0
0 0 -1 -1 204 1 #"\0"
0 -1 1 #"\0"
1.0 0 -1 -1 -1 -1 -1 -1 0 0 0 0 0 0 0.0 0.0 0.0 1.0 1.0 1.0 0 0 0 0 0 0
-1 -1 204 1 #"\0"
0 -1 1 #"\0"
1.0 0 -1 -1 -1 -1 -1 -1 0 0 0 0 0 0 0.0 0.0 0.0 1.0 1.0 1.0 178 34 34 0
0 0 -1 -1 204 1 #"\0"
0 -1 1 #"\0"
1.0 0 -1 -1 -1 -1 -1 -1 0 0 0 0 0 0 0.0 0.0 0.0 0.0 0.0 0.0 178 34 34
255 255 255 -1 -1 201 1 #"\0"
0 70 1 #"\0"
1.0 0 -1 -1 -1 -1 -1 -1 1 0 0 0 0 0 0.0 0.0 0.0 1.0 1.0 1.0 0 0 255 0 0
0 -1 -1 201 1 #"\0"
0 75 1 #"\0"
1.0 0 -1 -1 -1 -1 -1 -1 1 0 0 0 0 0 0.0 0.0 0.0 1.0 1.0 1.0 0 0 255 0 0
0 -1 -1 201 1 #"\0"
0 70 1 #"\0"
1.2 0 92 -1 -1 -1 -1 -1 0 0 0 0 0 0 1.0 1.0 1.0 1.0 1.0 1.0 0 0 0 0 0 0
-1 -1 201 1 #"\0"
0 75 1 #"\0"
1.0 0 -1 -1 -1 -1 -1 -1 0 0 0 0 0 0 1.0 1.0 1.0 1.0 1.0 1.0 0 0 0 0 0 0
-1 -1 201 1 #"\0"
0 75 1 #"\0"
1.0 0 -1 -1 93 -1 -1 -1 0 0 0 0 0 0 1.0 1.0 1.0 1.0 1.0 1.0 0 0 0 0 0 0
-1 -1 2 1 #"\0"
0 71 1 #"\0"
1.0 0 -1 -1 -1 -1 -1 -1 1 0 0 0 0 0 0.0 0.0 0.0 1.0 1.0 1.0 0 0 255 0 0
0 -1 -1 2 1 #"\0"
0 71 1 #"\0"
1.0 0 -1 -1 94 -1 -1 -1 0 0 0 0 0 0 0.0 0.0 0.0 1.0 1.0 1.0 255 0 0 0 0
0 -1 -1 208 1 #"\0"
0 -1 1 #"\0"
1.0 0 -1 -1 -1 -1 -1 -1 0 0 0 0 0 0 0.0 0.0 0.0 0.0 0.0 0.0 0 0 0 255
255 255 -1 -1 208 1 #"\0"
0 -1 1 #"\0"
1.0 0 -1 -1 -1 -1 -1 -1 0 0 0 0 0 0 0.0 0.0 0.0 1.0 1.0 1.0 0 0 0 0 0 0
-1 -1 208 1 #"\0"
0 -1 1 #"\0"
1.0 0 -1 -1 -1 -1 -1 -1 0 0 0 0 0 0 0.0 0.0 0.0 1.0 1.0 1.0 178 34 34 0
0 0 -1 -1 208 1 #"\0"
0 -1 1 #"\0"
1.0 0 -1 -1 -1 -1 -1 -1 0 0 0 0 0 0 0.0 0.0 0.0 0.0 0.0 0.0 178 34 34
255 255 255 -1 -1 205 1 #"\0"
0 -1 1 #"\0"
1.0 0 -1 -1 -1 -1 -1 -1 0 0 0 0 0 0 0.0 0.0 0.0 0.0 0.0 0.0 178 34 34
255 255 255 -1 -1 206 1 #"\0"
0 -1 1 #"\0"
1.0 0 -1 -1 -1 -1 -1 -1 0 0 0 0 0 0 0.0 0.0 0.0 0.0 0.0 0.0 178 34 34
255 255 255 -1 -1 15 1 #"\0"
0 -1 1 #"\0"
1.0 0 -1 -1 -1 -1 -1 -1 0 0 0 0 0 0 0.0 0.0 0.0 1.0 1.0 1.0 178 34 34 0
0 0 -1 -1 19 1 #"\0"
0 -1 1 #"\0"
1.0 0 -1 -1 -1 -1 -1 -1 0 0 0 0 0 0 0.0 0.0 0.0 1.0 1.0 1.0 178 34 34 0
0 0 -1 -1 2 1 #"\0"
0 -1 1 #"\0"
1.0 0 -1 -1 -1 -1 -1 -1 0 0 0 0 0 0 0.0 0.0 0.0 0.0 0.0 0.0 178 34 34
255 255 255 -1 -1 4 1 #"\0"
0 75 1 #"\0"
1.0 0 -1 -1 -1 -1 -1 -1 0 0 0 0 0 0 0.0 0.0 0.0 1.0 1.0 1.0 0 100 0 0 0
0 -1 -1 201 1 #"\0"
0 70 1 #"\0"
1.0 -1 -1 -1 -1 -1 -1 -1 0 0 0 0 0 0 1.0 1.0 1.0 1.0 1.0 1.0 0 0 0 0 0 0
-1 -1 201 1 #"\0"
0 -1 1 #"\0"
1.0 -1 -1 -1 -1 -1 -1 -1 0 0 0 0 0 0 1.0 1.0 1.0 1.0 1.0 1.0 0 0 0 0 0 0
-1 -1 201 1 #"\0"
0 70 1 #"\0"
1.0 -1 -1 -1 -1 -1 -1 -1 1 0 0 0 0 0 0.0 0.0 0.0 1.0 1.0 1.0 0 0 255 0 0
0 -1 -1 211 1 #"\0"
0 -1 1 #"\0"
1.0 0 -1 -1 -1 -1 -1 -1 0 0 0 0 0 0 0.0 0.0 0.0 1.0 1.0 1.0 0 0 0 0 0 0
-1 -1 210 1 #"\0"
0 -1 1 #"\0"
1.0 0 -1 -1 -1 -1 -1 -1 0 0 0 0 0 0 0.0 0.0 0.0 1.0 1.0 1.0 0 0 0 0 0 0
-1 -1 210 1 #"\0"
0 -1 1 #"\0"
1.0 0 -1 -1 -1 -1 -1 -1 0 0 0 0 0 0 0.0 0.0 0.0 0.0 0.0 0.0 0 0 0 255
255 255 -1 -1 211 1 #"\0"
0 -1 1 #"\0"
1.0 0 -1 -1 -1 -1 -1 -1 0 0 0 0 0 0 0.0 0.0 0.0 0.0 0.0 0.0 0 0 0 255
255 255 -1 -1 209 1 #"\0"
0 -1 1 #"\0"
1.0 0 -1 -1 -1 -1 -1 -1 0 0 0 0 0 0 0.0 0.0 0.0 1.0 1.0 1.0 0 0 0 0 0 0
-1 -1 209 1 #"\0"
0 -1 1 #"\0"
1.0 0 -1 -1 -1 -1 -1 -1 0 0 0 0 0 0 0.0 0.0 0.0 0.0 0.0 0.0 0 0 0 255
255 255 -1 -1 28 1 #"\0"
0 -1 1 #"\0"
1.0 0 -1 -1 -1 -1 -1 -1 0 0 0 0 0 0 0.0 0.0 0.0 1.0 1.0 1.0 0 0 0 0 0 0
-1 -1 28 1 #"\0"
0 -1 1 #"\0"
1.0 0 -1 -1 -1 -1 -1 -1 0 0 0 0 0 0 0.0 0.0 0.0 0.0 0.0 0.0 0 0 0 255
255 255 -1 -1 0 1 #"\0"
0 75 6 #"Menlo\0"
0.0 12 90 -1 90 -1 3 -1 0 1 0 1 0 0 0.0 0.0 0.0 0.0 0.0 0.0 0 0 0 255
255 255 1 -1 0 1 #"\0"
0 75 16 #"Source Code Pro\0"
0.0 16 90 -1 90 -1 3 -1 0 1 0 1 0 0 0.0 0.0 0.0 0.0 0.0 0.0 0 0 0 255
255 255 1 -1 0 1 #"\0"
0 75 12 #"PragmataPro\0"
0.0 20 90 -1 90 -1 3 -1 0 1 0 1 0 0 0.0 0.0 0.0 0.0 0.0 0.0 0 0 0 255
255 255 1 -1 0 1 #"\0"
0 75 6 #"Menlo\0"
0.0 14 90 -1 90 -1 3 -1 0 1 0 1 0 0 0.0 0.0 0.0 0.0 0.0 0.0 0 0 0 255
255 255 1 -1 0 1 #"\0"
0 70 1 #"\0"
0.0 10 90 -1 90 -1 3 -1 0 1 0 1 0 0 0.0 0.0 0.0 0.0 0.0 0.0 0 0 0 255
255 255 1 -1 2 1 #"\0"
0 -1 1 #"\0"
1.0 0 -1 -1 -1 93 -1 -1 0 1 0 0 0 0 0.0 0.0 0.0 1.0 1.0 1.0 50 163 255 0
0 0 -1 -1 2 1 #"\0"
0 -1 1 #"\0"
1.0 0 -1 -1 -1 93 -1 -1 0 1 0 0 0 0 0.0 0.0 0.0 1.0 1.0 1.0 166 0 255 0
0 0 -1 -1 2 1 #"\0"
0 -1 1 #"\0"
1.0 0 -1 -1 -1 93 -1 -1 0 1 0 0 0 0 0.0 0.0 0.0 1.0 1.0 1.0 255 192 203
0 0 0 -1 -1 2 1 #"\0"
0 -1 1 #"\0"
1.0 0 -1 -1 -1 93 -1 -1 0 1 0 0 0 0 0.0 0.0 0.0 1.0 1.0 1.0 50 205 50 0
0 0 -1 -1 2 1 #"\0"
0 -1 1 #"\0"
1.0 0 -1 -1 -1 93 -1 -1 0 1 0 0 0 0 0.0 0.0 0.0 1.0 1.0 1.0 240 230 140
0 0 0 -1 -1 2 1 #"\0"
0 -1 1 #"\0"
1.0 0 -1 -1 -1 93 -1 -1 0 1 0 0 0 0 0.0 0.0 0.0 1.0 1.0 1.0 255 255 255
0 0 0 -1 -1 2 1 #"\0"
0 -1 1 #"\0"
1.0 0 -1 -1 -1 93 -1 -1 0 1 0 0 0 1 0.0 0.0 0.0 0.0 0.0 0.0 205 92 92 0
0 0 -1 -1 2 1 #"\0"
0 -1 1 #"\0"
1.0 0 -1 -1 -1 93 -1 -1 0 1 0 0 0 0 0.0 0.0 0.0 1.0 1.0 1.0 192 46 214 0
0 0 -1 -1 2 1 #"\0"
0 -1 1 #"\0"
1.0 0 -1 -1 -1 93 -1 -1 0 1 0 0 0 0 0.0 0.0 0.0 1.0 1.0 1.0 57 89 216 0
0 0 -1 -1 2 1 #"\0"
0 -1 1 #"\0"
1.0 0 -1 -1 -1 -1 -1 -1 0 0 0 0 0 0 0.0 0.0 0.0 1.0 1.0 1.0 255 255 255
0 0 0 -1 -1 24 1 #"\0"
0 -1 1 #"\0"
1.0 0 -1 -1 -1 -1 -1 -1 0 0 0 0 0 0 0.0 0.0 0.0 1.0 1.0 1.0 255 255 255
0 0 0 -1 -1 2 1 #"\0"
0 -1 1 #"\0"
1.0 0 -1 -1 -1 93 -1 -1 0 1 0 0 0 0 0.0 0.0 0.0 1.0 1.0 1.0 151 69 43 0
0 0 -1 -1 15 1 #"\0"
0 -1 1 #"\0"
1.0 0 -1 -1 -1 -1 -1 -1 0 0 0 0 0 0 0.0 0.0 0.0 1.0 1.0 1.0 255 255 255
0 0 0 -1 -1 14 1 #"\0"
0 -1 1 #"\0"
1.0 0 -1 -1 -1 -1 -1 -1 0 0 0 0 0 0 0.0 0.0 0.0 1.0 1.0 1.0 255 255 255
0 0 0 -1 -1 2 1 #"\0"
0 -1 1 #"\0"
1.0 0 -1 -1 -1 93 -1 -1 0 1 0 0 0 0 0.0 0.0 0.0 1.0 1.0 1.0 102 102 255
0 0 0 -1 -1 17 1 #"\0"
0 -1 1 #"\0"
1.0 0 -1 -1 -1 -1 -1 -1 0 0 0 0 0 0 0.0 0.0 0.0 1.0 1.0 1.0 255 255 255
0 0 0 -1 -1 21 1 #"\0"
0 -1 1 #"\0"
1.0 0 -1 -1 -1 -1 -1 -1 0 0 0 0 0 0 0.0 0.0 0.0 1.0 1.0 1.0 255 255 255
0 0 0 -1 -1 2 1 #"\0"
0 -1 1 #"\0"
1.0 0 -1 -1 -1 93 -1 -1 0 1 0 0 0 0 0.0 0.0 0.0 1.0 1.0 1.0 60 194 57 0
0 0 -1 -1 19 1 #"\0"
0 -1 1 #"\0"
1.0 0 -1 -1 -1 -1 -1 -1 0 0 0 0 0 0 0.0 0.0 0.0 1.0 1.0 1.0 255 255 255
0 0 0 -1 -1 2 1 #"\0"
0 -1 1 #"\0"
1.0 0 -1 -1 -1 93 -1 -1 0 1 0 0 0 0 0.0 0.0 0.0 1.0 1.0 1.0 51 174 51 0
0 0 -1 -1 4 1 #"\0"
0 -1 1 #"\0"
1.0 0 -1 -1 -1 -1 -1 -1 0 0 0 0 0 0 0.0 0.0 0.0 1.0 1.0 1.0 255 255 255
0 0 0 -1 -1 4 1 #"\0"
0 -1 1 #"\0"
1.0 0 -1 -1 -1 -1 -1 -1 0 0 0 0 1 0 0.0 0.0 0.0 0.0 0.0 0.0 255 255 255
255 255 255 -1 -1 2 1 #"\0"
0 -1 1 #"\0"
1.0 0 -1 -1 -1 -1 -1 -1 0 0 0 0 0 1 0.0 0.0 0.0 0.0 0.0 0.0 255 255 255
0 0 0 -1 -1 17 1 #"\0"
0 -1 1 #"\0"
1.0 0 -1 -1 -1 -1 -1 -1 0 0 0 0 1 0 0.0 0.0 0.0 0.0 0.0 0.0 255 255 255
255 255 255 -1 -1 2 1 #"\0"
0 -1 1 #"\0"
1.0 0 -1 -1 -1 93 -1 -1 0 1 0 0 0 0 0.0 0.0 0.0 1.0 1.0 1.0 249 148 40 0
0 0 -1 -1 0 1 #"\0"
0 75 12 #"PragmataPro\0"
0.0 14 90 -1 90 -1 3 -1 0 1 0 1 0 0 0.0 0.0 0.0 0.0 0.0 0.0 0 0 0 255
255 255 1 -1 0 1 #"\0"
0 75 12 #"PragmataPro\0"
0.0 17 90 -1 90 -1 3 -1 0 1 0 1 0 0 0.0 0.0 0.0 0.0 0.0 0.0 0 0 0 255
255 255 1 -1 0 1 #"\0"
0 75 12 #"PragmataPro\0"
0.0 16 90 -1 90 -1 3 -1 0 1 0 1 0 0 0.0 0.0 0.0 0.0 0.0 0.0 0 0 0 255
255 255 1 -1 0 1 #"\0"
0 75 12 #"PragmataPro\0"
0.0 21 90 -1 90 -1 3 -1 0 1 0 1 0 0 0.0 0.0 0.0 0.0 0.0 0.0 0 0 0 255
255 255 1 -1 0 1 #"\0"
0 75 12 #"PragmataPro\0"
0.0 24 90 -1 90 -1 3 -1 0 1 0 1 0 0 0.0 0.0 0.0 0.0 0.0 0.0 0 0 0 255
255 255 1 -1 0 1 #"\0"
0 75 12 #"PragmataPro\0"
0.0 25 90 -1 90 -1 3 -1 0 1 0 1 0 0 0.0 0.0 0.0 0.0 0.0 0.0 0 0 0 255
255 255 1 -1 0 1 #"\0"
0 75 12 #"PragmataPro\0"
0.0 19 90 -1 90 -1 3 -1 0 1 0 1 0 0 0.0 0.0 0.0 0.0 0.0 0.0 0 0 0 255
255 255 1 -1 0 1 #"\0"
0 75 12 #"PragmataPro\0"
0.0 22 90 -1 90 -1 3 -1 0 1 0 1 0 0 0.0 0.0 0.0 0.0 0.0 0.0 0 0 0 255
255 255 1 -1 0 1 #"\0"
0 70 1 #"\0"
0.0 12 90 -1 90 -1 3 -1 0 1 0 1 0 0 0.0 0.0 0.0 0.0 0.0 0.0 0 0 0 255
255 255 1 -1 0 1 #"\0"
0 75 12 #"PragmataPro\0"
0.0 26 90 -1 90 -1 3 -1 0 1 0 1 0 0 0.0 0.0 0.0 0.0 0.0 0.0 0 0 0 255
255 255 1 -1 0 1 #"\0"
0 75 6 #"Menlo\0"
0.0 16 90 -1 90 -1 3 -1 0 1 0 1 0 0 0.0 0.0 0.0 0.0 0.0 0.0 0 0 0 255
255 255 1 -1 2 1 #"\0"
0 -1 1 #"\0"
1.0 0 -1 -1 90 -1 -1 -1 0 0 0 0 0 0 0.0 0.0 0.0 1.0 1.0 1.0 38 38 128 0
0 0 -1 -1 2 1 #"\0"
0 -1 1 #"\0"
1.0 0 92 -1 -1 -1 -1 -1 0 0 0 0 0 0 0.0 0.0 0.0 1.0 1.0 1.0 38 38 128 0
0 0 -1 -1 2 1 #"\0"
0 -1 1 #"\0"
1.0 0 -1 -1 90 -1 -1 -1 0 0 0 0 0 0 0.0 0.0 0.0 1.0 1.0 1.0 194 116 31 0
0 0 -1 -1 2 1 #"\0"
0 -1 1 #"\0"
1.0 0 90 -1 -1 -1 -1 -1 0 0 0 0 0 0 0.0 0.0 0.0 1.0 1.0 1.0 0 0 0 0 0 0
-1 -1           0 1103 0 17 3 94
(
 #";; Die ersten drei Zeilen dieser "
 #"Datei wurden von DrRacket eingef\303\274gt. Sie enthalten Metadaten"
) 0 0 24 29 1 #"\n"
0 0 17 3 83
(
 #";; \303\274ber die Sprachebene dieser Datei in einer Form, die DrRac"
 #"ket verarbeiten kann."
) 0 0 24 29 1 #"\n"
0 0 26 3 7 #"#reader"
0 0 24 3 1 #"("
0 0 14 3 3 #"lib"
0 0 24 3 1 #" "
0 0 19 3 25 #"\"DMdA-advanced-reader.ss\""
0 0 24 3 1 #" "
0 0 19 3 14 #"\"deinprogramm\""
0 0 24 3 3 #")(("
0 0 14 3 7 #"modname"
0 0 24 3 1 #" "
0 0 14 3 8 #"aufgaben"
0 0 24 3 3 #") ("
0 0 14 3 19 #"read-case-sensitive"
0 0 24 3 1 #" "
0 0 21 3 2 #"#f"
0 0 24 3 3 #") ("
0 0 14 3 10 #"teachpacks"
0 0 24 3 6 #" ()) ("
0 0 14 3 21 #"deinprogramm-settings"
0 0 24 3 3 #" #("
0 0 21 3 2 #"#f"
0 0 24 3 1 #" "
0 0 14 3 5 #"write"
0 0 24 3 1 #" "
0 0 14 3 17 #"repeating-decimal"
0 0 24 3 1 #" "
0 0 21 3 2 #"#t"
0 0 24 3 1 #" "
0 0 21 3 2 #"#t"
0 0 24 3 1 #" "
0 0 14 3 4 #"none"
0 0 24 3 1 #" "
0 0 14 3 5 #"datum"
0 0 24 3 1 #" "
0 0 21 3 2 #"#f"
0 0 24 3 6 #" ())))"
0 0 24 29 1 #"\n"
0 9         163 60           0 0           0 26 0 24 3 1 #" "
0 0 14 3 8 #"Schreibe"
0 0 24 3 1 #" "
0 0 14 3 4 #"eine"
0 0 24 3 1 #" "
0 0 14 3 8 #"Prozedur"
0 0 28 3 1 #","
0 0 24 3 1 #" "
0 0 14 3 3 #"die"
0 0 24 3 1 #" "
0 0 14 3 4 #"zwei"
0 0 24 3 1 #" "
0 0 14 3 6 #"Listen"
0 0 24 3 1 #" "
0 0 14 3 13 #"entgegennimmt"
0 0 24 3 1 #" "
0 0 14 3 3 #"und"
0 0 24 29 1 #"\n"
0 0 14 3 4 #"alle"
0 0 24 3 1 #" "
0 0 14 3 7 #"geraden"
0 0 24 3 1 #" "
0 0 14 3 6 #"Zahlen"
0 0 24 3 1 #" "
0 0 14 3 11 #"aufsummiert"
0 0 24 3 1 #" "
0           0 0 0 24 29 1 #"\n"
0 0 24 29 1 #"\n"
0 0 17 3 9 #"; Prelude"
0 0 24 29 1 #"\n"
0 0 24 3 1 #"("
0 0 14 3 1 #":"
0 0 24 3 1 #" "
0 0 14 3 6 #"filter"
0 0 24 3 3 #" (("
0 0 14 3 2 #"%a"
0 0 24 3 1 #" "
0 0 14 3 2 #"->"
0 0 24 3 1 #" "
0 0 14 3 7 #"boolean"
0 0 24 3 3 #") ("
0 0 14 3 7 #"list-of"
0 0 24 3 1 #" "
0 0 14 3 2 #"%a"
0 0 24 3 2 #") "
0 0 14 3 2 #"->"
0 0 24 3 2 #" ("
0 0 14 3 7 #"list-of"
0 0 24 3 1 #" "
0 0 14 3 2 #"%a"
0 0 24 3 3 #")))"
0 0 24 29 1 #"\n"
0 0 24 3 1 #"("
0 0 15 3 6 #"define"
0 0 24 3 1 #" "
0 0 14 3 6 #"filter"
0 0 24 29 1 #"\n"
0 0 24 3 3 #"  ("
0 0 15 3 6 #"lambda"
0 0 24 3 2 #" ("
0 0 14 3 2 #"p?"
0 0 24 3 1 #" "
0 0 14 3 2 #"xs"
0 0 24 3 1 #")"
0 0 24 29 1 #"\n"
0 0 24 3 5 #"    ("
0 0 15 3 4 #"cond"
0 0 24 3 3 #" (("
0 0 14 3 6 #"empty?"
0 0 24 3 1 #" "
0 0 14 3 2 #"xs"
0 0 24 3 2 #") "
0 0 14 3 5 #"empty"
0 0 24 3 1 #")"
0 0 24 29 1 #"\n"
0 0 24 3 12 #"          (("
0 0 14 3 5 #"pair?"
0 0 24 3 1 #" "
0 0 14 3 2 #"xs"
0 0 24 3 4 #")  ("
0 0 14 3 2 #"if"
0 0 24 3 2 #" ("
0 0 14 3 2 #"p?"
0 0 24 3 2 #" ("
0 0 14 3 5 #"first"
0 0 24 3 1 #" "
0 0 14 3 2 #"xs"
0 0 24 3 3 #")) "
0 0 24 29 1 #"\n"
0 0 24 3 28 #"                           ("
0 0 14 3 9 #"make-pair"
0 0 24 3 2 #" ("
0 0 14 3 5 #"first"
0 0 24 3 1 #" "
0 0 14 3 2 #"xs"
0 0 24 3 3 #") ("
0 0 14 3 6 #"filter"
0 0 24 3 1 #" "
0 0 14 3 2 #"p?"
0 0 24 3 2 #" ("
0 0 14 3 4 #"rest"
0 0 24 3 1 #" "
0 0 14 3 2 #"xs"
0 0 24 3 3 #")))"
0 0 24 29 1 #"\n"
0 0 24 3 28 #"                           ("
0 0 14 3 6 #"filter"
0 0 24 3 1 #" "
0 0 14 3 2 #"p?"
0 0 24 3 2 #" ("
0 0 14 3 4 #"rest"
0 0 24 3 1 #" "
0 0 14 3 2 #"xs"
0 0 24 3 7 #")))))))"
0 0 24 29 1 #"\n"
0 0 24 29 1 #"\n"
0 0 17 3 67
#"; Promise, ein Wert des Vertrags t zu liefern (0-stellige Prozedur)"
0 0 24 29 1 #"\n"
0 0 24 3 1 #"("
0 0 15 3 6 #"define"
0 0 24 3 1 #" "
0 0 14 3 7 #"promise"
0 0 24 29 1 #"\n"
0 0 24 3 3 #"  ("
0 0 15 3 6 #"lambda"
0 0 24 3 2 #" ("
0 0 14 3 1 #"t"
0 0 24 3 1 #")"
0 0 24 29 1 #"\n"
0 0 24 3 5 #"    ("
0 0 14 3 9 #"signature"
0 0 24 3 2 #" ("
0 0 14 3 2 #"->"
0 0 24 3 1 #" "
0 0 14 3 1 #"t"
0 0 24 3 4 #"))))"
0 0 24 29 1 #"\n"
0 0 24 29 1 #"\n"
0 0 17 3 23 #"; Erzwungene Auswertung"
0 0 24 29 1 #"\n"
0 0 24 3 1 #"("
0 0 14 3 1 #":"
0 0 24 3 1 #" "
0 0 14 3 5 #"force"
0 0 24 3 3 #" (("
0 0 14 3 7 #"promise"
0 0 24 3 1 #" "
0 0 14 3 2 #"%a"
0 0 24 3 2 #") "
0 0 14 3 2 #"->"
0 0 24 3 1 #" "
0 0 14 3 2 #"%a"
0 0 24 3 2 #"))"
0 0 24 29 1 #"\n"
0 0 24 3 1 #"("
0 0 15 3 6 #"define"
0 0 24 3 1 #" "
0 0 14 3 5 #"force"
0 0 24 29 1 #"\n"
0 0 24 3 3 #"  ("
0 0 15 3 6 #"lambda"
0 0 24 3 2 #" ("
0 0 14 3 1 #"p"
0 0 24 3 1 #")"
0 0 24 29 1 #"\n"
0 0 24 3 5 #"    ("
0 0 14 3 1 #"p"
0 0 24 3 3 #")))"
0 0 24 29 1 #"\n"
0 0 24 29 1 #"\n"
0 0 17 3 39 #"; Polymorphe Paare (isomorph zu `pair')"
0 0 24 29 1 #"\n"
0 0 24 3 1 #"("
0 0 14 3 1 #":"
0 0 24 3 1 #" "
0 0 14 3 9 #"make-cons"
0 0 24 3 2 #" ("
0 0 14 3 2 #"%a"
0 0 24 3 1 #" "
0 0 14 3 2 #"%b"
0 0 24 3 1 #" "
0 0 14 3 2 #"->"
0 0 24 3 2 #" ("
0 0 14 3 7 #"cons-of"
0 0 24 3 1 #" "
0 0 14 3 2 #"%a"
0 0 24 3 1 #" "
0 0 14 3 2 #"%b"
0 0 24 3 3 #")))"
0 0 24 29 1 #"\n"
0 0 24 3 1 #"("
0 0 14 3 1 #":"
0 0 24 3 1 #" "
0 0 14 3 4 #"head"
0 0 24 3 3 #" (("
0 0 14 3 7 #"cons-of"
0 0 24 3 1 #" "
0 0 14 3 2 #"%a"
0 0 24 3 1 #" "
0 0 14 3 2 #"%b"
0 0 24 3 2 #") "
0 0 14 3 2 #"->"
0 0 24 3 1 #" "
0 0 14 3 2 #"%a"
0 0 24 3 2 #"))"
0 0 24 29 1 #"\n"
0 0 24 3 1 #"("
0 0 14 3 1 #":"
0 0 24 3 1 #" "
0 0 14 3 4 #"tail"
0 0 24 3 3 #" (("
0 0 14 3 7 #"cons-of"
0 0 24 3 1 #" "
0 0 14 3 2 #"%a"
0 0 24 3 1 #" "
0 0 14 3 2 #"%b"
0 0 24 3 2 #") "
0 0 14 3 2 #"->"
0 0 24 3 1 #" "
0 0 14 3 2 #"%b"
0 0 24 3 2 #"))"
0 0 24 29 1 #"\n"
0 0 24 3 1 #"("
0 0 15 3 35 #"define-record-procedures-parametric"
0 0 24 3 1 #" "
0 0 14 3 4 #"cons"
0 0 24 3 1 #" "
0 0 14 3 7 #"cons-of"
0 0 24 29 1 #"\n"
0 0 24 3 2 #"  "
0 0 14 3 9 #"make-cons"
0 0 24 3 1 #" "
0 0 24 29 1 #"\n"
0 0 24 3 2 #"  "
0 0 14 3 5 #"cons?"
0 0 24 29 1 #"\n"
0 0 24 3 3 #"  ("
0 0 14 3 4 #"head"
0 0 24 29 1 #"\n"
0 0 24 3 3 #"   "
0 0 14 3 4 #"tail"
0 0 24 3 2 #"))"
0 0 24 29 1 #"\n"
0 0 24 29 1 #"\n"
0 0 17 3 24 #"; Ein Stream besteht aus"
0 0 24 29 1 #"\n"
0 0 17 3 31 #"; - einem ersten Element (head)"
0 0 24 29 1 #"\n"
0 0 17 3 68
(
 #"; - einem Promise, den Rest des Streams generieren zu k\303\266nnen "
 #"(tail)"
) 0 0 24 29 1 #"\n"
0 0 24 3 1 #"("
0 0 15 3 6 #"define"
0 0 24 3 1 #" "
0 0 14 3 9 #"stream-of"
0 0 24 29 1 #"\n"
0 0 24 3 3 #"  ("
0 0 15 3 6 #"lambda"
0 0 24 3 2 #" ("
0 0 14 3 1 #"t"
0 0 24 3 1 #")"
0 0 24 29 1 #"\n"
0 0 24 3 5 #"    ("
0 0 14 3 9 #"signature"
0 0 24 3 2 #" ("
0 0 14 3 7 #"cons-of"
0 0 24 3 1 #" "
0 0 14 3 1 #"t"
0 0 24 3 2 #" ("
0 0 14 3 7 #"promise"
0 0 24 3 2 #" ("
0 0 14 3 9 #"stream-of"
0 0 24 3 1 #" "
0 0 14 3 1 #"t"
0 0 24 3 6 #"))))))"
0 0 24 29 1 #"\n"
0 0 24 29 1 #"\n"
0 0 17 3 11 #"; Beispiel:"
0 0 24 29 1 #"\n"
0 0 17 3 33 #"; Stream mit Zahlen ab n erzeugen"
0 0 24 29 1 #"\n"
0 0 24 3 1 #"("
0 0 14 3 1 #":"
0 0 24 3 1 #" "
0 0 14 3 4 #"from"
0 0 24 3 2 #" ("
0 0 14 3 6 #"number"
0 0 24 3 1 #" "
0 0 14 3 2 #"->"
0 0 24 3 2 #" ("
0 0 14 3 9 #"stream-of"
0 0 24 3 1 #" "
0 0 14 3 6 #"number"
0 0 24 3 3 #")))"
0 0 24 29 1 #"\n"
0 0 24 3 1 #"("
0 0 15 3 6 #"define"
0 0 24 3 1 #" "
0 0 14 3 4 #"from"
0 0 24 29 1 #"\n"
0 0 24 3 3 #"  ("
0 0 15 3 6 #"lambda"
0 0 24 3 2 #" ("
0 0 14 3 1 #"n"
0 0 24 3 1 #")"
0 0 24 29 1 #"\n"
0 0 24 3 5 #"    ("
0 0 14 3 9 #"make-cons"
0 0 24 3 1 #" "
0 0 14 3 1 #"n"
0 0 24 3 2 #" ("
0 0 15 3 6 #"lambda"
0 0 24 3 5 #" () ("
0 0 14 3 4 #"from"
0 0 24 3 2 #" ("
0 0 14 3 1 #"+"
0 0 24 3 1 #" "
0 0 14 3 1 #"n"
0 0 24 3 1 #" "
0 0 21 3 1 #"1"
0 0 24 3 6 #"))))))"
0 0 24 29 1 #"\n"
0 0 24 3 2 #"  "
0 0 24 29 1 #"\n"
0 0 17 3 30 #"; Beispiel (Stream \342\206\222 Liste):"
0 0 24 29 1 #"\n"
0 0 17 3 60
#"; Erste n Elemente des Streams str in eine Liste extrahieren"
0 0 24 29 1 #"\n"
0 0 24 3 1 #"("
0 0 14 3 1 #":"
0 0 24 3 1 #" "
0 0 14 3 11 #"stream-take"
0 0 24 3 2 #" ("
0 0 14 3 7 #"natural"
0 0 24 3 2 #" ("
0 0 14 3 9 #"stream-of"
0 0 24 3 1 #" "
0 0 14 3 2 #"%a"
0 0 24 3 2 #") "
0 0 14 3 2 #"->"
0 0 24 3 2 #" ("
0 0 14 3 7 #"list-of"
0 0 24 3 1 #" "
0 0 14 3 2 #"%a"
0 0 24 3 3 #")))"
0 0 24 29 1 #"\n"
0 0 24 29 1 #"\n"
0 0 24 3 1 #"("
0 0 14 3 12 #"check-expect"
0 0 24 3 2 #" ("
0 0 14 3 11 #"stream-take"
0 0 24 3 1 #" "
0 0 21 3 1 #"5"
0 0 24 3 2 #" ("
0 0 14 3 4 #"from"
0 0 24 3 1 #" "
0 0 21 3 1 #"1"
0 0 24 3 4 #")) ("
0 0 14 3 4 #"list"
0 0 24 3 1 #" "
0 0 21 3 1 #"1"
0 0 24 3 1 #" "
0 0 21 3 1 #"2"
0 0 24 3 1 #" "
0 0 21 3 1 #"3"
0 0 24 3 1 #" "
0 0 21 3 1 #"4"
0 0 24 3 1 #" "
0 0 21 3 1 #"5"
0 0 24 3 2 #"))"
0 0 24 29 1 #"\n"
0 0 24 3 1 #"("
0 0 14 3 12 #"check-expect"
0 0 24 3 2 #" ("
0 0 14 3 11 #"stream-take"
0 0 24 3 1 #" "
0 0 21 3 1 #"0"
0 0 24 3 2 #" ("
0 0 14 3 4 #"from"
0 0 24 3 1 #" "
0 0 21 3 1 #"1"
0 0 24 3 3 #")) "
0 0 14 3 5 #"empty"
0 0 24 3 1 #")"
0 0 24 29 1 #"\n"
0 0 24 29 1 #"\n"
0 0 24 3 1 #"("
0 0 15 3 6 #"define"
0 0 24 3 1 #" "
0 0 14 3 11 #"stream-take"
0 0 24 29 1 #"\n"
0 0 24 3 3 #"  ("
0 0 15 3 6 #"lambda"
0 0 24 3 2 #" ("
0 0 14 3 1 #"n"
0 0 24 3 1 #" "
0 0 14 3 3 #"str"
0 0 24 3 1 #")"
0 0 24 29 1 #"\n"
0 0 24 3 5 #"    ("
0 0 14 3 2 #"if"
0 0 24 3 2 #" ("
0 0 14 3 1 #"="
0 0 24 3 1 #" "
0 0 14 3 1 #"n"
0 0 24 3 1 #" "
0 0 21 3 1 #"0"
0 0 24 3 1 #")"
0 0 24 29 1 #"\n"
0 0 24 3 8 #"        "
0 0 14 3 5 #"empty"
0 0 24 29 1 #"\n"
0 0 24 3 9 #"        ("
0 0 14 3 9 #"make-pair"
0 0 24 3 2 #" ("
0 0 14 3 4 #"head"
0 0 24 3 1 #" "
0 0 14 3 3 #"str"
0 0 24 3 2 #") "
0 0 24 29 1 #"\n"
0 0 24 3 20 #"                   ("
0 0 14 3 11 #"stream-take"
0 0 24 3 2 #" ("
0 0 14 3 1 #"-"
0 0 24 3 1 #" "
0 0 14 3 1 #"n"
0 0 24 3 1 #" "
0 0 21 3 1 #"1"
0 0 24 3 3 #") ("
0 0 14 3 5 #"force"
0 0 24 3 2 #" ("
0 0 14 3 4 #"tail"
0 0 24 3 1 #" "
0 0 14 3 3 #"str"
0 0 24 3 7 #")))))))"
0 0 24 29 1 #"\n"
0 0 24 29 1 #"\n"
0 0 24 29 1 #"\n"
0 0 17 3 17 #"; L\303\266sung ab hier"
0 0 24 29 1 #"\n"
0 0 24 29 1 #"\n"
0 0 24 29 1 #"\n"
0 0 24 3 1 #"("
0 0 14 3 1 #":"
0 0 24 3 1 #" "
0 0 14 3 7 #"sumEven"
0 0 24 3 3 #" (("
0 0 14 3 7 #"list-of"
0 0 24 3 1 #" "
0 0 14 3 6 #"number"
0 0 24 3 3 #") ("
0 0 14 3 7 #"list-of"
0 0 24 3 1 #" "
0 0 14 3 6 #"number"
0 0 24 3 2 #") "
0 0 14 3 2 #"->"
0 0 24 3 1 #" "
0 0 14 3 6 #"number"
0 0 24 3 2 #"))"
0 0 24 29 1 #"\n"
0 0 24 3 1 #"("
0 0 14 3 12 #"check-expect"
0 0 24 3 2 #" ("
0 0 14 3 7 #"sumEven"
0 0 24 3 2 #" ("
0 0 14 3 4 #"list"
0 0 24 3 1 #" "
0 0 21 3 1 #"1"
0 0 24 3 1 #" "
0 0 21 3 1 #"2"
0 0 24 3 1 #" "
0 0 21 3 1 #"3"
0 0 24 3 3 #") ("
0 0 14 3 4 #"list"
0 0 24 3 1 #" "
0 0 21 3 1 #"4"
0 0 24 3 1 #" "
0 0 21 3 1 #"5"
0 0 24 3 1 #" "
0 0 21 3 1 #"6"
0 0 24 3 3 #")) "
0 0 21 3 2 #"12"
0 0 24 3 1 #")"
0 0 24 29 1 #"\n"
0 0 24 3 1 #"("
0 0 15 3 6 #"define"
0 0 24 3 1 #" "
0 0 14 3 7 #"sumEven"
0 0 24 29 1 #"\n"
0 0 24 3 3 #"  ("
0 0 15 3 6 #"lambda"
0 0 24 3 2 #" ("
0 0 14 3 2 #"xs"
0 0 24 3 1 #" "
0 0 14 3 2 #"ys"
0 0 24 3 1 #")"
0 0 24 29 1 #"\n"
0 0 24 3 5 #"    ("
0 0 15 3 6 #"letrec"
0 0 24 29 1 #"\n"
0 0 24 3 10 #"        (("
0 0 14 3 7 #"flatten"
0 0 24 29 1 #"\n"
0 0 24 3 10 #"         ("
0 0 15 3 6 #"lambda"
0 0 24 3 2 #" ("
0 0 14 3 2 #"xs"
0 0 24 3 1 #" "
0 0 14 3 2 #"ys"
0 0 24 3 1 #")"
0 0 24 29 1 #"\n"
0 0 24 3 12 #"           ("
0 0 14 3 6 #"append"
0 0 24 3 1 #" "
0 0 14 3 2 #"xs"
0 0 24 3 1 #" "
0 0 14 3 2 #"ys"
0 0 24 3 4 #"))))"
0 0 24 29 1 #"\n"
0 0 24 3 10 #"         ("
0 0 14 3 4 #"fold"
0 0 24 3 1 #" "
0 0 21 3 1 #"0"
0 0 24 3 1 #" "
0 0 14 3 1 #"+"
0 0 24 29 1 #"\n"
0 0 24 3 16 #"               ("
0 0 14 3 6 #"filter"
0 0 24 3 2 #" ("
0 0 15 3 6 #"lambda"
0 0 24 3 2 #" ("
0 0 14 3 1 #"x"
0 0 24 3 1 #")"
0 0 24 29 1 #"\n"
0 0 24 3 26 #"                         ("
0 0 14 3 1 #"="
0 0 24 3 2 #" ("
0 0 14 3 6 #"modulo"
0 0 24 3 1 #" "
0 0 14 3 1 #"x"
0 0 24 3 1 #" "
0 0 21 3 1 #"2"
0 0 24 3 2 #") "
0 0 21 3 1 #"0"
0 0 24 3 2 #"))"
0 0 24 29 1 #"\n"
0 0 24 3 24 #"                       ("
0 0 14 3 7 #"flatten"
0 0 24 3 1 #" "
0 0 14 3 2 #"xs"
0 0 24 3 1 #" "
0 0 14 3 2 #"ys"
0 0 24 3 6 #"))))))"
0 0 24 29 1 #"\n"
0 0 24 29 1 #"\n"
0 9         139 60           0 0           0 22 0 24 3 1 #" "
0 0 14 3 8 #"Schreibe"
0 0 24 3 1 #" "
0 0 14 3 4 #"eine"
0 0 24 3 1 #" "
0 0 14 3 8 #"Prozedur"
0 0 24 3 1 #" "
0 0 14 3 3 #"die"
0 0 24 3 1 #" "
0 0 14 3 6 #"pr\303\274ft"
0 0 28 3 1 #","
0 0 24 3 1 #" "
0 0 14 3 2 #"ob"
0 0 24 3 1 #" "
0 0 14 3 4 #"eine"
0 0 24 3 1 #" "
0 0 14 3 5 #"Liste"
0 0 24 3 1 #" "
0 0 14 3 8 #"sortiert"
0 0 24 3 1 #" "
0 0 14 3 3 #"ist"
0 0 24 3 1 #" "
0           0 0 0 24 29 1 #"\n"
0 0 24 3 1 #"("
0 0 14 3 1 #":"
0 0 24 3 1 #" "
0 0 14 3 5 #"curry"
0 0 24 3 3 #" (("
0 0 14 3 2 #"%a"
0 0 24 3 1 #" "
0 0 14 3 2 #"%b"
0 0 24 3 1 #" "
0 0 14 3 2 #"->"
0 0 24 3 1 #" "
0 0 14 3 2 #"%c"
0 0 24 3 2 #") "
0 0 14 3 2 #"->"
0 0 24 3 2 #" ("
0 0 14 3 2 #"%a"
0 0 24 3 1 #" "
0 0 14 3 2 #"->"
0 0 24 3 2 #" ("
0 0 14 3 2 #"%b"
0 0 24 3 1 #" "
0 0 14 3 2 #"->"
0 0 24 3 1 #" "
0 0 14 3 2 #"%c"
0 0 24 3 4 #"))))"
0 0 24 29 1 #"\n"
0 0 24 3 1 #"("
0 0 15 3 6 #"define"
0 0 24 3 1 #" "
0 0 14 3 5 #"curry"
0 0 24 29 1 #"\n"
0 0 24 3 3 #"  ("
0 0 15 3 6 #"lambda"
0 0 24 3 2 #" ("
0 0 14 3 1 #"f"
0 0 24 3 1 #")"
0 0 24 29 1 #"\n"
0 0 24 3 5 #"    ("
0 0 15 3 6 #"lambda"
0 0 24 3 2 #" ("
0 0 14 3 1 #"x"
0 0 24 3 1 #")"
0 0 24 29 1 #"\n"
0 0 24 3 7 #"      ("
0 0 15 3 6 #"lambda"
0 0 24 3 2 #" ("
0 0 14 3 1 #"y"
0 0 24 3 1 #")"
0 0 24 29 1 #"\n"
0 0 24 3 9 #"        ("
0 0 14 3 1 #"f"
0 0 24 3 1 #" "
0 0 14 3 1 #"x"
0 0 24 3 1 #" "
0 0 14 3 1 #"y"
0 0 24 3 5 #")))))"
0 0 24 29 1 #"\n"
0 0 24 29 1 #"\n"
0 0 24 3 1 #"("
0 0 14 3 1 #":"
0 0 24 3 1 #" "
0 0 14 3 7 #"sorted?"
0 0 24 3 3 #" (("
0 0 14 3 7 #"list-of"
0 0 24 3 1 #" "
0 0 14 3 2 #"%a"
0 0 24 3 3 #") ("
0 0 14 3 2 #"%a"
0 0 24 3 1 #" "
0 0 14 3 2 #"%a"
0 0 24 3 1 #" "
0 0 14 3 2 #"->"
0 0 24 3 1 #" "
0 0 14 3 7 #"boolean"
0 0 24 3 2 #") "
0 0 14 3 2 #"->"
0 0 24 3 1 #" "
0 0 14 3 7 #"boolean"
0 0 24 3 2 #"))"
0 0 24 29 1 #"\n"
0 0 24 3 1 #"("
0 0 14 3 12 #"check-expect"
0 0 24 3 2 #" ("
0 0 14 3 7 #"sorted?"
0 0 24 3 2 #" ("
0 0 14 3 4 #"list"
0 0 24 3 1 #" "
0 0 21 3 1 #"1"
0 0 24 3 1 #" "
0 0 21 3 1 #"2"
0 0 24 3 1 #" "
0 0 21 3 1 #"3"
0 0 24 3 2 #") "
0 0 14 3 1 #"<"
0 0 24 3 2 #") "
0 0 21 3 2 #"#t"
0 0 24 3 1 #")"
0 0 24 29 1 #"\n"
0 0 24 3 1 #"("
0 0 14 3 12 #"check-expect"
0 0 24 3 2 #" ("
0 0 14 3 7 #"sorted?"
0 0 24 3 2 #" ("
0 0 14 3 4 #"list"
0 0 24 3 1 #" "
0 0 21 3 1 #"3"
0 0 24 3 1 #" "
0 0 21 3 1 #"2"
0 0 24 3 1 #" "
0 0 21 3 1 #"1"
0 0 24 3 2 #") "
0 0 14 3 1 #"<"
0 0 24 3 2 #") "
0 0 21 3 2 #"#f"
0 0 24 3 1 #")"
0 0 24 29 1 #"\n"
0 0 24 3 1 #"("
0 0 15 3 6 #"define"
0 0 24 3 1 #" "
0 0 14 3 7 #"sorted?"
0 0 24 29 1 #"\n"
0 0 24 3 3 #"  ("
0 0 15 3 6 #"lambda"
0 0 24 3 2 #" ("
0 0 14 3 2 #"xs"
0 0 24 3 1 #" "
0 0 14 3 4 #"comp"
0 0 24 3 1 #")"
0 0 24 29 1 #"\n"
0 0 24 3 5 #"    ("
0 0 15 3 4 #"cond"
0 0 24 29 1 #"\n"
0 0 24 3 8 #"      (("
0 0 14 3 6 #"empty?"
0 0 24 3 1 #" "
0 0 14 3 2 #"xs"
0 0 24 3 2 #") "
0 0 21 3 2 #"#t"
0 0 24 3 1 #")"
0 0 24 29 1 #"\n"
0 0 24 3 8 #"      (("
0 0 14 3 6 #"empty?"
0 0 24 3 2 #" ("
0 0 14 3 4 #"rest"
0 0 24 3 1 #" "
0 0 14 3 2 #"xs"
0 0 24 3 3 #")) "
0 0 21 3 2 #"#t"
0 0 24 3 1 #")"
0 0 24 29 1 #"\n"
0 0 24 3 7 #"      ("
0 0 14 3 4 #"else"
0 0 24 29 1 #"\n"
0 0 24 3 8 #"       ("
0 0 14 3 3 #"and"
0 0 24 3 2 #" ("
0 0 14 3 4 #"comp"
0 0 24 3 2 #" ("
0 0 14 3 5 #"first"
0 0 24 3 1 #" "
0 0 14 3 2 #"xs"
0 0 24 3 3 #") ("
0 0 14 3 5 #"first"
0 0 24 3 2 #" ("
0 0 14 3 4 #"rest"
0 0 24 3 1 #" "
0 0 14 3 2 #"xs"
0 0 24 3 3 #")))"
0 0 24 29 1 #"\n"
0 0 24 3 12 #"           ("
0 0 14 3 7 #"sorted?"
0 0 24 3 2 #" ("
0 0 14 3 4 #"rest"
0 0 24 3 1 #" "
0 0 14 3 2 #"xs"
0 0 24 3 2 #") "
0 0 14 3 4 #"comp"
0 0 24 3 6 #"))))))"
0 0 24 29 1 #"\n"
0 0 24 29 1 #"\n"
0 0 24 29 1 #"\n"
0 9          91 60           0 0           0 14 0 24 3 1 #" "
0 0 14 3 8 #"Schreibe"
0 0 24 3 1 #" "
0 0 14 3 4 #"eine"
0 0 24 3 1 #" "
0 0 14 3 6 #"Record"
0 0 24 3 1 #" "
0 0 14 3 10 #"Definition"
0 0 24 3 1 #" "
0 0 14 3 4 #"f\303\274r"
0 0 24 3 1 #" "
0 0 14 3 14 #"3-dimensionale"
0 0 24 3 1 #" "
0 0 14 3 8 #"Vektoren"
0           0 0 0 24 29 1 #"\n"
0 0 24 3 1 #"("
0 0 14 3 1 #":"
0 0 24 3 1 #" "
0 0 14 3 11 #"make-vector"
0 0 24 3 2 #" ("
0 0 14 3 6 #"number"
0 0 24 3 1 #" "
0 0 14 3 6 #"number"
0 0 24 3 1 #" "
0 0 14 3 6 #"number"
0 0 24 3 1 #" "
0 0 14 3 2 #"->"
0 0 24 3 1 #" "
0 0 14 3 6 #"vector"
0 0 24 3 2 #"))"
0 0 24 29 1 #"\n"
0 0 24 3 1 #"("
0 0 14 3 1 #":"
0 0 24 3 1 #" "
0 0 14 3 7 #"vector?"
0 0 24 3 2 #" ("
0 0 14 3 6 #"vector"
0 0 24 3 1 #" "
0 0 14 3 2 #"->"
0 0 24 3 1 #" "
0 0 14 3 7 #"boolean"
0 0 24 3 2 #"))"
0 0 24 29 1 #"\n"
0 0 24 3 1 #"("
0 0 14 3 1 #":"
0 0 24 3 1 #" "
0 0 14 3 8 #"vector-x"
0 0 24 3 2 #" ("
0 0 14 3 6 #"vector"
0 0 24 3 1 #" "
0 0 14 3 2 #"->"
0 0 24 3 1 #" "
0 0 14 3 6 #"number"
0 0 24 3 2 #"))"
0 0 24 29 1 #"\n"
0 0 24 3 1 #"("
0 0 14 3 1 #":"
0 0 24 3 1 #" "
0 0 14 3 8 #"vector-y"
0 0 24 3 2 #" ("
0 0 14 3 6 #"vector"
0 0 24 3 1 #" "
0 0 14 3 2 #"->"
0 0 24 3 1 #" "
0 0 14 3 6 #"number"
0 0 24 3 2 #"))"
0 0 24 29 1 #"\n"
0 0 24 3 1 #"("
0 0 14 3 1 #":"
0 0 24 3 1 #" "
0 0 14 3 8 #"vector-z"
0 0 24 3 2 #" ("
0 0 14 3 6 #"vector"
0 0 24 3 1 #" "
0 0 14 3 2 #"->"
0 0 24 3 1 #" "
0 0 14 3 6 #"number"
0 0 24 3 2 #"))"
0 0 24 29 1 #"\n"
0 0 24 3 1 #"("
0 0 14 3 14 #"check-property"
0 0 24 29 1 #"\n"
0 0 24 3 2 #" ("
0 0 15 3 7 #"for-all"
0 0 24 29 1 #"\n"
0 0 24 3 7 #"     (("
0 0 14 3 1 #"x"
0 0 24 3 1 #" "
0 0 14 3 6 #"number"
0 0 24 3 1 #")"
0 0 24 29 1 #"\n"
0 0 24 3 7 #"      ("
0 0 14 3 1 #"y"
0 0 24 3 1 #" "
0 0 14 3 6 #"number"
0 0 24 3 1 #")"
0 0 24 29 1 #"\n"
0 0 24 3 7 #"      ("
0 0 14 3 1 #"z"
0 0 24 3 1 #" "
0 0 14 3 6 #"number"
0 0 24 3 2 #"))"
0 0 24 29 1 #"\n"
0 0 24 3 4 #"   ("
0 0 14 3 3 #"and"
0 0 24 3 2 #" ("
0 0 14 3 7 #"vector?"
0 0 24 3 2 #" ("
0 0 14 3 11 #"make-vector"
0 0 24 3 1 #" "
0 0 14 3 1 #"x"
0 0 24 3 1 #" "
0 0 14 3 1 #"y"
0 0 24 3 1 #" "
0 0 14 3 1 #"z"
0 0 24 3 4 #")) ("
0 0 14 3 1 #"="
0 0 24 3 1 #" "
0 0 14 3 1 #"x"
0 0 24 3 2 #" ("
0 0 14 3 8 #"vector-x"
0 0 24 3 2 #" ("
0 0 14 3 11 #"make-vector"
0 0 24 3 1 #" "
0 0 14 3 1 #"x"
0 0 24 3 1 #" "
0 0 14 3 1 #"y"
0 0 24 3 1 #" "
0 0 14 3 1 #"z"
0 0 24 3 6 #"))))))"
0 0 24 29 1 #"\n"
0 0 24 3 1 #"("
0 0 15 3 24 #"define-record-procedures"
0 0 24 3 1 #" "
0 0 14 3 6 #"vector"
0 0 24 29 1 #"\n"
0 0 24 3 2 #"  "
0 0 14 3 11 #"make-vector"
0 0 24 29 1 #"\n"
0 0 24 3 2 #"  "
0 0 14 3 7 #"vector?"
0 0 24 29 1 #"\n"
0 0 24 3 3 #"  ("
0 0 14 3 8 #"vector-x"
0 0 24 29 1 #"\n"
0 0 24 3 3 #"   "
0 0 14 3 8 #"vector-y"
0 0 24 29 1 #"\n"
0 0 24 3 3 #"   "
0 0 14 3 8 #"vector-z"
0 0 24 3 2 #"))"
0 0 24 29 1 #"\n"
0 0 24 29 1 #"\n"
0 0 24 3 1 #"("
0 0 15 3 6 #"define"
0 0 24 3 1 #" "
0 0 14 3 2 #"v1"
0 0 24 29 1 #"\n"
0 0 24 3 3 #"  ("
0 0 14 3 11 #"make-vector"
0 0 24 3 1 #" "
0 0 21 3 1 #"1"
0 0 24 3 1 #" "
0 0 21 3 1 #"0"
0 0 24 3 1 #" "
0 0 21 3 1 #"0"
0 0 24 3 2 #"))"
0 0 24 29 1 #"\n"
0 0 24 29 1 #"\n"
0 0 24 3 1 #"("
0 0 15 3 6 #"define"
0 0 24 3 1 #" "
0 0 14 3 2 #"v2"
0 0 24 29 1 #"\n"
0 0 24 3 3 #"  ("
0 0 14 3 11 #"make-vector"
0 0 24 3 1 #" "
0 0 21 3 1 #"1"
0 0 24 3 1 #" "
0 0 21 3 1 #"2"
0 0 24 3 1 #" "
0 0 21 3 1 #"3"
0 0 24 3 2 #"))"
0 0 24 29 1 #"\n"
0 0 24 29 1 #"\n"
0 9         121 60           0 0           0 19 0 24 3 1 #" "
0 0 14 3 8 #"Schreibe"
0 0 24 3 1 #" "
0 0 14 3 4 #"eine"
0 0 24 3 1 #" "
0 0 14 3 8 #"Prozedur"
0 0 28 3 1 #","
0 0 24 3 1 #" "
0 0 14 3 3 #"die"
0 0 24 3 1 #" "
0 0 14 3 3 #"die"
0 0 24 3 1 #" "
0 0 14 3 6 #"L\303\244nge"
0 0 24 3 1 #" "
0 0 14 3 5 #"eines"
0 0 24 3 1 #" "
0 0 14 3 7 #"Vectors"
0 0 24 3 1 #" "
0 0 14 3 9 #"berechnet"
0           0 0 0 24 29 1 #"\n"
0 0 24 3 1 #"("
0 0 14 3 1 #":"
0 0 24 3 1 #" "
0 0 14 3 13 #"vector-length"
0 0 24 3 2 #" ("
0 0 14 3 6 #"vector"
0 0 24 3 1 #" "
0 0 14 3 2 #"->"
0 0 24 3 1 #" "
0 0 14 3 6 #"number"
0 0 24 3 2 #"))"
0 0 24 29 1 #"\n"
0 0 24 3 1 #"("
0 0 14 3 12 #"check-expect"
0 0 24 3 2 #" ("
0 0 14 3 13 #"vector-length"
0 0 24 3 1 #" "
0 0 14 3 2 #"v1"
0 0 24 3 2 #") "
0 0 21 3 1 #"1"
0 0 24 3 1 #")"
0 0 24 29 1 #"\n"
0 0 24 3 1 #"("
0 0 14 3 12 #"check-within"
0 0 24 3 2 #" ("
0 0 14 3 13 #"vector-length"
0 0 24 3 1 #" "
0 0 14 3 2 #"v2"
0 0 24 3 3 #") ("
0 0 14 3 4 #"sqrt"
0 0 24 3 1 #" "
0 0 21 3 2 #"14"
0 0 24 3 2 #") "
0 0 21 3 4 #"0.01"
0 0 24 3 1 #")"
0 0 24 29 1 #"\n"
0 0 24 3 1 #"("
0 0 15 3 6 #"define"
0 0 24 3 1 #" "
0 0 14 3 13 #"vector-length"
0 0 24 29 1 #"\n"
0 0 24 3 3 #"  ("
0 0 15 3 6 #"lambda"
0 0 24 3 2 #" ("
0 0 14 3 1 #"v"
0 0 24 3 1 #")"
0 0 24 29 1 #"\n"
0 0 24 3 5 #"    ("
0 0 14 3 4 #"sqrt"
0 0 24 29 1 #"\n"
0 0 24 3 6 #"     ("
0 0 14 3 1 #"+"
0 0 24 29 1 #"\n"
0 0 24 3 7 #"      ("
0 0 14 3 4 #"expt"
0 0 24 3 2 #" ("
0 0 14 3 8 #"vector-x"
0 0 24 3 1 #" "
0 0 14 3 1 #"v"
0 0 24 3 2 #") "
0 0 21 3 1 #"2"
0 0 24 3 1 #")"
0 0 24 29 1 #"\n"
0 0 24 3 7 #"      ("
0 0 14 3 4 #"expt"
0 0 24 3 2 #" ("
0 0 14 3 8 #"vector-y"
0 0 24 3 1 #" "
0 0 14 3 1 #"v"
0 0 24 3 2 #") "
0 0 21 3 1 #"2"
0 0 24 3 1 #")"
0 0 24 29 1 #"\n"
0 0 24 3 7 #"      ("
0 0 14 3 4 #"expt"
0 0 24 3 2 #" ("
0 0 14 3 8 #"vector-z"
0 0 24 3 1 #" "
0 0 14 3 1 #"v"
0 0 24 3 2 #") "
0 0 21 3 1 #"2"
0 0 24 3 5 #")))))"
0 0 24 29 1 #"\n"
0 0 24 29 1 #"\n"
0 9         187 60           0 0           0 30 0 24 3 1 #" "
0 0 14 3 8 #"Schreibe"
0 0 24 3 1 #" "
0 0 14 3 4 #"eine"
0 0 24 3 1 #" "
0 0 14 3 8 #"Prozedur"
0 0 28 3 1 #","
0 0 24 3 1 #" "
0 0 14 3 3 #"die"
0 0 24 3 1 #" "
0 0 14 3 4 #"zwei"
0 0 24 3 1 #" "
0 0 14 3 7 #"Streams"
0 0 24 3 1 #" "
0 0 14 3 14 #"zusammenf\303\274gt."
0 0 24 29 1 #"\n"
0 0 14 3 5 #"Dabei"
0 0 24 3 1 #" "
0 0 14 3 4 #"wird"
0 0 24 3 1 #" "
0 0 14 3 5 #"immer"
0 0 24 3 1 #" "
0 0 14 3 11 #"abwechselnd"
0 0 24 3 1 #" "
0 0 14 3 3 #"das"
0 0 24 3 1 #" "
0 0 14 3 4 #"eine"
0 0 24 3 1 #" "
0 0 14 3 7 #"Element"
0 0 24 3 1 #" "
0           0 0 0 24 29 1 #"\n"
0 0 24 3 1 #"("
0 0 14 3 1 #":"
0 0 24 3 1 #" "
0 0 14 3 12 #"stream-merge"
0 0 24 3 3 #" (("
0 0 14 3 9 #"stream-of"
0 0 24 3 1 #" "
0 0 14 3 2 #"%a"
0 0 24 3 3 #") ("
0 0 14 3 9 #"stream-of"
0 0 24 3 1 #" "
0 0 14 3 2 #"%a"
0 0 24 3 2 #") "
0 0 14 3 2 #"->"
0 0 24 3 2 #" ("
0 0 14 3 9 #"stream-of"
0 0 24 3 1 #" "
0 0 14 3 2 #"%a"
0 0 24 3 3 #")))"
0 0 24 29 1 #"\n"
0 0 24 3 1 #"("
0 0 14 3 12 #"check-expect"
0 0 24 3 2 #" ("
0 0 14 3 11 #"stream-take"
0 0 24 3 1 #" "
0 0 21 3 1 #"6"
0 0 24 3 2 #" ("
0 0 14 3 12 #"stream-merge"
0 0 24 3 2 #" ("
0 0 14 3 4 #"from"
0 0 24 3 1 #" "
0 0 21 3 1 #"0"
0 0 24 3 3 #") ("
0 0 14 3 4 #"from"
0 0 24 3 1 #" "
0 0 21 3 1 #"2"
0 0 24 3 5 #"))) ("
0 0 14 3 4 #"list"
0 0 24 3 1 #" "
0 0 21 3 1 #"0"
0 0 24 3 1 #" "
0 0 21 3 1 #"2"
0 0 24 3 1 #" "
0 0 21 3 1 #"1"
0 0 24 3 1 #" "
0 0 21 3 1 #"3"
0 0 24 3 1 #" "
0 0 21 3 1 #"2"
0 0 24 3 1 #" "
0 0 21 3 1 #"4"
0 0 24 3 2 #"))"
0 0 24 29 1 #"\n"
0 0 24 3 1 #"("
0 0 15 3 6 #"define"
0 0 24 3 1 #" "
0 0 14 3 12 #"stream-merge"
0 0 24 29 1 #"\n"
0 0 24 3 3 #"  ("
0 0 15 3 6 #"lambda"
0 0 24 3 2 #" ("
0 0 14 3 2 #"s1"
0 0 24 3 1 #" "
0 0 14 3 2 #"s2"
0 0 24 3 1 #")"
0 0 24 29 1 #"\n"
0 0 24 3 5 #"    ("
0 0 14 3 9 #"make-cons"
0 0 24 3 2 #" ("
0 0 14 3 4 #"head"
0 0 24 3 1 #" "
0 0 14 3 2 #"s1"
0 0 24 3 1 #")"
0 0 24 29 1 #"\n"
0 0 24 3 16 #"               ("
0 0 15 3 6 #"lambda"
0 0 24 3 5 #" () ("
0 0 14 3 12 #"stream-merge"
0 0 24 3 1 #" "
0 0 14 3 2 #"s2"
0 0 24 3 2 #" ("
0 0 14 3 5 #"force"
0 0 24 3 2 #" ("
0 0 14 3 4 #"tail"
0 0 24 3 1 #" "
0 0 14 3 2 #"s1"
0 0 24 3 7 #")))))))"
0 0 24 29 1 #"\n"
0 0 24 29 1 #"\n"
0 0 24 29 1 #"\n"
0 0 24 29 1 #"\n"
0           0
